Epoch	TrainError	TrainCCR	TestCCR
1 1.08 17.1111 14.6667
2 0.948879 16.4444 20
3 0.757793 23.3333 23.6667
4 0.641538 24.2222 25
5 0.338795 24 24
6 0.342179 35.8889 35
7 0.321794 26.8889 29
8 0.343502 39.2222 34.6667
9 0.232838 39.3333 45.6667
10 0.215927 41.3333 39.6667
11 0.207437 41.4444 40.6667
12 0.229074 40 39
13 0.187615 47.3333 50.3333
14 0.191199 48.6667 48.6667
15 0.18281 50.5556 51.6667
16 0.177645 52.2222 50.3333
17 0.181571 51.4444 54
18 0.166934 55.4444 52.6667
19 0.169613 53.6667 55.3333
20 0.15742 56.4444 55.3333
21 0.15494 56.5556 59.3333
22 0.143431 58.8889 58.3333
23 0.14194 59.6667 59
24 0.131391 61.3333 60.6667
25 0.131672 62.6667 60.3333
26 0.121388 63.6667 62.6667
27 0.122886 63.5556 61
28 0.113368 66.7778 62.6667
29 0.115521 65.1111 63
30 0.106842 68.1111 64
31 0.109115 65.7778 63.6667
32 0.101375 69.6667 65.3333
33 0.10341 67.3333 65
34 0.0966168 70.5556 65.6667
35 0.0982161 68.4444 65
36 0.0923294 71 66
37 0.0934135 69.5556 67
38 0.0883686 71.6667 66.6667
39 0.088935 71.1111 68.3333
40 0.0846598 72.2222 68
41 0.0847526 71.3333 68.6667
42 0.081172 73.2222 69
43 0.080864 73.5556 69.6667
44 0.0778982 75.3333 69.6667
45 0.0772782 75.4444 70.3333
46 0.0748406 76.1111 69.6667
47 0.0740024 76.1111 71
48 0.0720024 76.2222 70.6667
49 0.0710345 76.5556 72
50 0.0693838 76.7778 70.6667
51 0.0683614 77.2222 72
52 0.0669798 77.3333 71.3333
53 0.0659599 77.7778 72.6667
54 0.0647801 77.7778 71
55 0.0637999 78.3333 72.3333
56 0.0627689 78 71
57 0.0618469 78.6667 73.3333
58 0.0609253 78.2222 71
59 0.0600654 78.8889 73.6667
60 0.0592244 78.4444 71.6667
61 0.0584214 79.1111 73.6667
62 0.0576403 79 71.6667
63 0.0568851 79.2222 73.3333
64 0.0561498 79.3333 72
65 0.0554341 79.6667 73
66 0.0547353 79.5556 73
67 0.0540524 79.6667 73
68 0.0533843 82 73
69 0.05273 82.2222 73.3333
70 0.0520887 82.3333 73.3333
71 0.0514597 82.4444 73.3333
72 0.0508425 82.6667 73.3333
73 0.0502363 82.7778 73
74 0.0496408 82.7778 73
75 0.0490553 82.7778 73
76 0.0484795 82.7778 73
77 0.0479129 82.7778 72.6667
78 0.0473551 82.7778 72.6667
79 0.0468057 82.7778 72.6667
80 0.0462644 82.7778 72.6667
81 0.045731 82.8889 72.6667
82 0.0452053 83 72.6667
83 0.0446873 83 72.6667
84 0.0441769 83.1111 72.6667
85 0.0436744 83.1111 72.6667
86 0.0431798 83.1111 72.6667
87 0.0426935 88.3333 72.6667
88 0.0422156 88.3333 72.6667
89 0.0417463 88.3333 72.6667
90 0.0412855 88.3333 72.6667
91 0.0408332 88.3333 73
92 0.0403893 88.3333 73
93 0.0399534 88.4444 73
94 0.0395255 88.6667 73
95 0.0391052 88.8889 73
96 0.0386924 88.8889 73
97 0.0382867 89 73
98 0.037888 89.2222 73
99 0.0374959 89.3333 73
100 0.0371103 89.3333 73
101 0.036731 89.3333 72.6667
102 0.0363577 89.3333 72.6667
103 0.0359902 89.4444 72.6667
104 0.0356283 89.4444 72.6667
105 0.035272 89.4444 72.6667
106 0.034921 89.5556 72.6667
107 0.0345751 89.6667 72.6667
108 0.0342344 89.7778 72.6667
109 0.0338986 89.7778 72.6667
110 0.0335676 89.7778 72.6667
111 0.0332413 89.8889 72.6667
112 0.0329198 90 72.6667
113 0.0326027 90 72.6667
114 0.0322901 90.2222 72.6667
115 0.031982 90.3333 72.6667
116 0.0316781 90.3333 72.6667
117 0.0313784 90.3333 72.6667
118 0.0310828 90.3333 72.6667
119 0.0307913 90.3333 72.6667
120 0.0305038 90.4444 72.6667
121 0.0302202 90.5556 72.6667
122 0.0299404 90.5556 73
123 0.0296643 90.6667 73
124 0.0293919 90.7778 73
125 0.0291231 91 73
126 0.0288579 91.1111 73
127 0.0285961 91.2222 73
128 0.0283377 91.2222 73
129 0.0280826 91.2222 73
130 0.0278307 91.2222 73
131 0.027582 91.2222 73
132 0.0273364 91.2222 73
133 0.0270939 91.2222 73
134 0.0268543 91.2222 73
135 0.0266175 91.2222 73
136 0.0263836 91.2222 73
137 0.0261525 91.3333 73
138 0.025924 91.3333 73.3333
139 0.0256982 91.3333 73.3333
140 0.0254749 91.3333 73.3333
141 0.0252542 91.3333 73.3333
142 0.0250359 91.3333 73.3333
143 0.0248201 91.3333 73.3333
144 0.0246066 91.3333 73.3333
145 0.0243954 91.3333 73.3333
146 0.0241865 91.4444 73.3333
147 0.0239797 91.4444 73.3333
148 0.0237751 91.4444 73
149 0.0235725 91.4444 73
150 0.0233719 91.4444 73
151 0.0231733 91.4444 73.3333
152 0.0229766 91.4444 73.3333
153 0.0227816 91.5556 73.3333
154 0.0225884 91.5556 73.3333
155 0.0223968 91.5556 73.3333
156 0.0222068 91.5556 73.3333
157 0.0220183 91.5556 73.3333
158 0.0218312 91.5556 73.3333
159 0.0216453 91.5556 73.3333
160 0.0214607 91.5556 73.3333
161 0.0212772 91.5556 73.3333
162 0.0210948 91.5556 73.3333
163 0.0209135 91.5556 73.3333
164 0.0207333 91.5556 73.3333
165 0.0205542 91.6667 73.3333
166 0.0203764 91.7778 73.3333
167 0.0202002 91.7778 73.3333
168 0.0200257 91.7778 73.3333
169 0.0198532 91.7778 73.3333
170 0.0196829 91.7778 73.3333
171 0.0195148 91.7778 73.3333
172 0.0193492 91.7778 73.3333
173 0.019186 91.8889 73.3333
174 0.0190254 91.8889 73.3333
175 0.0188672 91.8889 73.3333
176 0.0187115 92 73.3333
177 0.0185582 92 73.3333
178 0.0184071 92 73.3333
179 0.0182583 92 73.3333
180 0.0181115 92 73.3333
181 0.0179668 92 73.3333
182 0.0178241 92 73.3333
183 0.0176832 92 73.3333
184 0.0175441 92 73.3333
185 0.0174068 92.1111 73.3333
186 0.0172712 92.1111 73.3333
187 0.0171372 92.1111 73.3333
188 0.0170048 92.1111 73.3333
189 0.0168739 92.1111 73.3333
190 0.0167446 92.1111 73.3333
191 0.0166167 92.1111 73.3333
192 0.0164903 92.1111 73.3333
193 0.0163653 92.2222 73.6667
194 0.0162416 92.2222 73.6667
195 0.0161193 92.3333 73.6667
196 0.0159983 92.4444 73.6667
197 0.0158786 92.4444 73.6667
198 0.0157601 92.4444 73.6667
199 0.0156429 92.4444 74
200 0.0155269 92.4444 74
201 0.0154121 92.4444 74
202 0.0152985 92.4444 74
203 0.015186 92.4444 74
204 0.0150746 92.4444 74
205 0.0149643 92.4444 74
206 0.014855 92.4444 74
207 0.0147469 92.4444 74
208 0.0146397 92.4444 74
209 0.0145336 92.4444 74
210 0.0144284 92.4444 74
211 0.0143242 92.4444 74
212 0.0142209 92.4444 74
213 0.0141185 92.4444 74
214 0.0140171 99.4444 74
215 0.0139165 99.4444 74
216 0.0138167 99.4444 74
217 0.0137177 99.4444 74
218 0.0136195 99.4444 74
219 0.0135221 99.4444 74
220 0.0134254 99.4444 74
221 0.0133293 99.4444 74
222 0.013234 99.4444 74
223 0.0131392 99.4444 74
224 0.013045 99.4444 74
225 0.0129512 99.4444 73.6667
226 0.0128579 99.4444 73.6667
227 0.012765 99.5556 73.6667
228 0.0126722 99.5556 73.6667
229 0.0125796 99.5556 73.6667
230 0.012487 99.6667 73.6667
231 0.0123943 99.6667 73.6667
232 0.0123012 99.6667 73.6667
233 0.0122077 99.6667 73.6667
234 0.0121136 99.6667 73.6667
235 0.0120191 99.6667 73.6667
236 0.0119243 99.6667 73.6667
237 0.0118298 99.6667 73.6667
238 0.0117362 99.6667 73.6667
239 0.0116441 99.6667 73.6667
240 0.0115539 99.6667 73.6667
241 0.0114659 99.6667 73.6667
242 0.01138 99.6667 73.6667
243 0.0112961 99.6667 73.6667
244 0.0112139 99.6667 73.6667
245 0.0111332 99.6667 73.6667
246 0.0110539 99.6667 73.6667
247 0.0109758 99.8889 73.6667
248 0.0108988 99.8889 73.6667
249 0.0108228 99.7778 73.6667
250 0.0107477 99.7778 73.6667
251 0.0106735 99.7778 74
252 0.0106002 99.7778 74
253 0.0105276 99.7778 74.3333
254 0.0104558 99.7778 74.3333
255 0.0103848 99.7778 74.3333
256 0.0103145 99.7778 74.3333
257 0.0102449 99.7778 74.3333
258 0.010176 99.7778 74.3333
259 0.0101077 99.7778 74.3333
260 0.0100402 99.7778 74.3333
261 0.0099733 99.7778 74.3333
262 0.00990709 99.7778 74.3333
263 0.00984156 99.7778 74.3333
264 0.00977669 99.7778 74.3333
265 0.00971249 99.7778 74.3333
266 0.00964895 99.7778 74.3333
267 0.00958608 99.7778 74.3333
268 0.00952386 99.7778 74.3333
269 0.0094623 99.7778 74.6667
270 0.00940139 99.8889 74.6667
271 0.00934112 99.8889 74.6667
272 0.00928148 99.8889 74.6667
273 0.00922247 99.8889 74.6667
274 0.00916407 99.8889 74.6667
275 0.00910629 99.8889 74.6667
276 0.0090491 99.8889 74.6667
277 0.00899249 99.8889 74.6667
278 0.00893647 99.8889 74.6667
279 0.00888101 99.8889 74.6667
280 0.00882611 99.8889 74.6667
281 0.00877175 99.8889 74.6667
282 0.00871794 99.8889 74.6667
283 0.00866465 99.8889 74.6667
284 0.00861187 99.8889 74.6667
285 0.00855961 99.8889 74.6667
286 0.00850785 99.8889 74.6667
287 0.00845657 99.8889 74.6667
288 0.00840579 99.8889 74.6667
289 0.00835547 99.8889 74.6667
290 0.00830563 99.8889 74.6667
291 0.00825624 99.8889 74.3333
292 0.0082073 99.8889 74.3333
293 0.00815882 99.8889 74.3333
294 0.00811077 99.8889 74.3333
295 0.00806315 99.8889 74.3333
296 0.00801595 99.8889 74.3333
297 0.00796918 99.8889 74.3333
298 0.00792282 99.8889 74.3333
299 0.00787686 99.8889 74.3333
300 0.00783131 99.8889 74.3333
301 0.00778615 99.8889 74.3333
302 0.00774139 99.8889 74.3333
303 0.00769701 99.8889 74.3333
304 0.00765301 100 74.3333
305 0.00760938 100 74.3333
306 0.00756612 100 74.3333
307 0.00752323 100 74.3333
308 0.00748071 100 74.3333
309 0.00743853 100 74.3333
310 0.00739672 100 74.3333
311 0.00735525 100 74.3333
312 0.00731412 100 74.3333
313 0.00727335 100 74.3333
314 0.00723291 100 74.3333
315 0.0071928 100 74.3333
316 0.00715304 100 74.3333
317 0.00711361 100 74.3333
318 0.0070745 100 74.3333
319 0.00703573 100 74.3333
320 0.00699729 100 74.3333
321 0.00695918 100 74.3333
322 0.0069214 100 74.3333
323 0.00688394 100 74.3333
324 0.00684681 100 74.3333
325 0.00681 100 74.3333
326 0.00677353 100 74.3333
327 0.00673737 100 74.3333
328 0.00670154 100 74.3333
329 0.00666603 100 74.3333
330 0.00663084 100 74.3333
331 0.00659597 100 74.3333
332 0.00656142 100 74.3333
333 0.00652718 100 74.3333
334 0.00649326 100 74.3333
335 0.00645964 100 74.3333
336 0.00642633 100 74.3333
337 0.00639332 100 74.3333
338 0.00636061 100 74.3333
339 0.0063282 100 74.3333
340 0.00629608 100 74.3333
341 0.00626424 100 74.3333
342 0.00623269 100 74.3333
343 0.00620142 100 74.3333
344 0.00617043 100 74.3333
345 0.00613971 100 74.3333
346 0.00610926 100 74.3333
347 0.00607908 100 74.3333
348 0.00604915 100 74.3333
349 0.00601949 100 74.3333
350 0.00599008 100 74.3333
351 0.00596092 100 74.3333
352 0.005932 100 74.3333
353 0.00590334 100 74
354 0.00587491 100 74
355 0.00584672 100 74
356 0.00581877 100 74
357 0.00579105 100 74
358 0.00576355 100 74
359 0.00573629 100 74
360 0.00570924 100 74
361 0.00568242 100 74
362 0.00565581 100 74
363 0.00562942 100 74
364 0.00560324 100 74
365 0.00557727 100 74
366 0.0055515 100 74
367 0.00552594 100 74
368 0.00550058 100 74
369 0.00547542 100 74
370 0.00545046 100 74
371 0.00542569 100 74
372 0.00540111 100 74
373 0.00537673 100 74
374 0.00535253 100 74
375 0.00532851 100 74
376 0.00530468 100 74
377 0.00528103 100 74
378 0.00525756 100 74
379 0.00523427 100 74
380 0.00521115 100 74
381 0.0051882 100 74
382 0.00516542 100 74
383 0.00514281 100 74
384 0.00512037 100 74
385 0.0050981 100 74
386 0.00507598 100 74
387 0.00505403 100 74
388 0.00503224 100 74
389 0.0050106 100 74
390 0.00498912 100 74
391 0.0049678 100 74
392 0.00494662 100 74
393 0.0049256 100 74
394 0.00490473 100 74
395 0.004884 100 74
396 0.00486342 100 74
397 0.00484299 100 74
398 0.0048227 100 74
399 0.00480254 100 74
400 0.00478253 100 74.3333
401 0.00476266 100 74.3333
402 0.00474292 100 74.3333
403 0.00472332 100 74.3333
404 0.00470385 100 74.3333
405 0.00468452 100 74.3333
406 0.00466531 100 74.3333
407 0.00464624 100 74.3333
408 0.00462729 100 74.3333
409 0.00460847 100 74.3333
410 0.00458978 100 74.3333
411 0.00457121 100 74.3333
412 0.00455276 100 74.3333
413 0.00453444 100 74.3333
414 0.00451624 100 74.3333
415 0.00449815 100 74.3333
416 0.00448019 100 74.3333
417 0.00446234 100 74.3333
418 0.00444461 100 74.3333
419 0.004427 100 74.3333
420 0.0044095 100 74.3333
421 0.00439211 100 74.3333
422 0.00437483 100 74.3333
423 0.00435767 100 74.3333
424 0.00434061 100 74.3333
425 0.00432367 100 74.3333
426 0.00430683 100 74.3333
427 0.0042901 100 74.3333
428 0.00427348 100 74.3333
429 0.00425696 100 74.3333
430 0.00424054 100 74.3333
431 0.00422423 100 74.3333
432 0.00420802 100 74.3333
433 0.00419192 100 74.3333
434 0.00417591 100 74.3333
435 0.00416 100 74.3333
436 0.0041442 100 74.3333
437 0.00412849 100 74.3333
438 0.00411288 100 74.3333
439 0.00409737 100 74.3333
440 0.00408195 100 74.3333
441 0.00406663 100 74.3333
442 0.0040514 100 74.3333
443 0.00403627 100 74.3333
444 0.00402123 100 74.3333
445 0.00400628 100 74.3333
446 0.00399143 100 74.3333
447 0.00397667 100 74.3333
448 0.00396199 100 74.3333
449 0.00394741 100 74.3333
450 0.00393291 100 74.6667
451 0.00391851 100 74.6667
452 0.00390419 100 74.6667
453 0.00388996 100 74.6667
454 0.00387581 100 74.6667
455 0.00386175 100 74.6667
456 0.00384778 100 74.6667
457 0.00383389 100 74.6667
458 0.00382008 100 74.6667
459 0.00380635 100 74.6667
460 0.00379271 100 74.6667
461 0.00377915 100 74.6667
462 0.00376567 100 74.6667
463 0.00375227 100 74.6667
464 0.00373896 100 74.6667
465 0.00372572 100 74.6667
466 0.00371255 100 74.6667
467 0.00369947 100 74.6667
468 0.00368646 100 74.6667
469 0.00367354 100 74.6667
470 0.00366068 100 74.6667
471 0.0036479 100 74.6667
472 0.0036352 100 74.6667
473 0.00362257 100 74.6667
474 0.00361002 100 74.6667
475 0.00359753 100 74.6667
476 0.00358512 100 74.6667
477 0.00357279 100 74.6667
478 0.00356052 100 74.6667
479 0.00354832 100 74.6667
480 0.0035362 100 74.6667
481 0.00352414 100 74.6667
482 0.00351216 100 74.6667
483 0.00350024 100 74.6667
484 0.00348839 100 74.6667
485 0.0034766 100 74.6667
486 0.00346489 100 74.6667
487 0.00345324 100 74.6667
488 0.00344165 100 74.6667
489 0.00343014 100 74.6667
490 0.00341868 100 74.6667
491 0.00340729 100 75
492 0.00339597 100 75
493 0.00338471 100 75
494 0.00337351 100 75
495 0.00336237 100 75
496 0.0033513 100 75
497 0.00334028 100 75
498 0.00332933 100 75
499 0.00331844 100 75
500 0.00330761 100 75

Confusion Matrix[ExpectedClass][ObtainedClass]
59833	9535	1567	14416	1899	12950	
0	92954	778	1868	3136	1464	
0	607	95043	1301	2250	999	
0	3283	920	93414	1275	1308	
0	3209	2505	1361	88812	4313	
0	640	1023	1691	3620	93226	
