Epoch	TrainError	TrainCCR	TestCCR
1 0.331444 21.5556 20.3333
2 0.324261 18.7778 19
3 0.318935 21.6667 22
4 0.314124 22 22.3333
5 0.309532 22.5556 23
6 0.305076 23 23.3333
7 0.30076 23.7778 23.3333
8 0.296611 24.5556 24
9 0.292615 25.1111 24.3333
10 0.288748 25.4444 25
11 0.285031 25.3333 26
12 0.281469 25.6667 27
13 0.278032 26.6667 28.6667
14 0.274705 28.2222 29.6667
15 0.271492 28.8889 30.3333
16 0.268394 29.3333 31.3333
17 0.265423 30.4444 33.3333
18 0.262588 31.7778 35
19 0.259905 32.2222 36
20 0.257364 33.1111 36
21 0.254936 33.6667 36.6667
22 0.252592 34.3333 38
23 0.250326 35.1111 39.3333
24 0.248162 35.8889 40.3333
25 0.2461 36.3333 42.3333
26 0.244095 36.5556 42.3333
27 0.242103 37.5556 43.3333
28 0.240129 38.1111 44.3333
29 0.2382 38.4444 44.3333
30 0.236281 39.3333 46.3333
31 0.234317 40 48
32 0.232326 39.8889 47.3333
33 0.23044 41.8889 47.3333
34 0.228703 42.4444 50.3333
35 0.227153 42.4444 50.6667
36 0.225717 42.6667 50.6667
37 0.224336 42.3333 51
38 0.222966 42.3333 51.3333
39 0.221583 42.4444 51.6667
40 0.220196 42.7778 52
41 0.218836 43.3333 52.3333
42 0.217525 43.4444 52
43 0.216275 43.6667 52
44 0.215094 43.8889 52
45 0.213979 44 52.3333
46 0.212922 44 52.3333
47 0.211912 44 52.6667
48 0.210941 44.2222 52
49 0.210001 44.5556 52
50 0.209085 44.7778 52
51 0.20819 44.7778 52
52 0.207319 44.7778 52
53 0.206468 44.7778 52
54 0.205629 44.7778 52.3333
55 0.204793 44.7778 53
56 0.203963 44.8889 53
57 0.203155 44.7778 52.6667
58 0.202384 44.7778 52.6667
59 0.201654 45 52
60 0.200963 45.1111 52.3333
61 0.200304 45.1111 52
62 0.19967 45.1111 50
63 0.199053 45.2222 50.3333
64 0.198447 44.8889 50.3333
65 0.197844 45.2222 50.3333
66 0.197242 45.3333 50
67 0.19664 45.3333 50.3333
68 0.196044 45.2222 50
69 0.195458 45.1111 50
70 0.194871 45 49.6667
71 0.194272 45 49.6667
72 0.193654 45.3333 49.6667
73 0.193032 45.6667 49.6667
74 0.192424 45.6667 49.3333
75 0.191834 45.6667 49.3333
76 0.191263 45.4444 49.3333
77 0.190709 45.4444 49.6667
78 0.190164 45.5556 49.6667
79 0.189617 45.7778 49.6667
80 0.189063 46 49.6667
81 0.18851 46.2222 50.3333
82 0.18797 46.2222 50.3333
83 0.187449 46.3333 50
84 0.186948 46.5556 50.3333
85 0.186478 46.4444 50.6667
86 0.186037 46.3333 50.6667
87 0.185622 46.3333 50.6667
88 0.185225 47.4444 51.6667
89 0.184842 47.3333 51.6667
90 0.184467 47.4444 51.3333
91 0.184097 47.4444 51.3333
92 0.183728 47.6667 51.3333
93 0.183356 47.7778 51
94 0.182981 47.7778 51
95 0.182601 47.8889 51
96 0.182221 47.8889 51
97 0.181846 48 51
98 0.181477 48.1111 51
99 0.18111 48.2222 50.6667
100 0.180747 48.5556 51.3333
101 0.180393 48.4444 51.3333
102 0.18005 48.4444 51.3333
103 0.179711 48.5556 51.3333
104 0.179372 48.6667 51.3333
105 0.179031 48.6667 51.3333
106 0.178685 48.6667 51.3333
107 0.178334 48.4444 51
108 0.177975 48.4444 51
109 0.177611 48.4444 51
110 0.177245 48.5556 51.3333
111 0.176887 48.6667 51.6667
112 0.176544 48.7778 51.3333
113 0.176222 49.2222 51.3333
114 0.175917 49.3333 51.3333
115 0.175626 49.2222 51.3333
116 0.175344 49.2222 51.3333
117 0.17507 49.2222 51.3333
118 0.174802 49.2222 51.3333
119 0.174539 49 51.3333
120 0.174276 48.8889 51.3333
121 0.17401 48.7778 51
122 0.173733 48.7778 50.6667
123 0.173444 48.7778 50.6667
124 0.173143 48.8889 50.6667
125 0.172832 48.8889 50.6667
126 0.172506 48.8889 50.6667
127 0.172155 49.2222 51
128 0.171781 49.1111 50.6667
129 0.171403 49 50.6667
130 0.171037 49.1111 50.6667
131 0.170695 49.2222 51
132 0.17039 49.3333 51
133 0.170116 49.4444 51
134 0.169865 49.3333 51
135 0.169631 49.3333 51
136 0.169411 49.3333 51
137 0.169203 49.6667 51.3333
138 0.169004 49.6667 51.3333
139 0.168811 49.6667 51.3333
140 0.168623 49.6667 51.3333
141 0.168439 49.6667 51.6667
142 0.168255 49.6667 51.6667
143 0.168071 49.6667 51.6667
144 0.167884 49.8889 51.3333
145 0.167693 49.8889 51.3333
146 0.167501 50 51.3333
147 0.167311 50.3333 51.3333
148 0.167126 50.3333 51.3333
149 0.166947 50.3333 51.3333
150 0.166773 50.3333 51.3333
151 0.166603 50.5556 51.3333
152 0.166435 50.5556 51.3333
153 0.16627 50.5556 51.3333
154 0.166105 50.5556 51.6667
155 0.16594 50.5556 51.6667
156 0.165777 50.5556 51.6667
157 0.165618 50.5556 51.6667
158 0.165467 50.6667 51.6667
159 0.165326 50.7778 51.6667
160 0.165195 50.7778 51.6667
161 0.16507 50.6667 51.6667
162 0.164951 50.6667 51.6667
163 0.164836 50.6667 51.6667
164 0.164724 50.6667 51.6667
165 0.164614 50.6667 51.6667
166 0.164506 50.6667 51.6667
167 0.164398 50.6667 51.6667
168 0.164291 50.7778 51.6667
169 0.164183 50.7778 51.6667
170 0.164073 50.6667 52.3333
171 0.163961 50.5556 52.3333
172 0.163846 50.5556 52.3333
173 0.163726 50.5556 52.3333
174 0.163602 50.5556 52.3333
175 0.163472 50.6667 52.3333
176 0.163335 51.1111 52.3333
177 0.163191 51.1111 52.3333
178 0.163037 51.2222 52.3333
179 0.162873 51.2222 52.3333
180 0.162695 51.4444 52.3333
181 0.162498 51.4444 52.3333
182 0.162288 51.4444 52.3333
183 0.162085 51.6667 52.3333
184 0.161893 51.7778 52.3333
185 0.161713 51.5556 52.3333
186 0.161546 51.5556 52
187 0.161389 51.3333 52
188 0.161232 51.2222 52
189 0.161071 51.2222 52
190 0.160909 51.2222 52
191 0.160762 51.4444 52
192 0.160635 51.4444 51.6667
193 0.160521 51.5556 51.6667
194 0.160415 51.5556 51.6667
195 0.160315 51.5556 51.6667
196 0.160219 51.6667 51.6667
197 0.160126 51.8889 51.6667
198 0.160037 51.7778 51.6667
199 0.15995 52.1111 51.6667
200 0.159867 51.7778 51.6667
201 0.15979 52.1111 51.6667
202 0.159722 51.3333 51.6667
203 0.159669 52.2222 51.6667
204 0.159659 51.2222 52.6667
205 0.15968 52.6667 51.6667
206 0.15983 51 53
207 0.159866 52.3333 51.3333
208 0.160066 50.1111 53
209 0.159924 52 51.3333
210 0.159935 50.3333 53.3333
211 0.15962 52.1111 52.3333
212 0.159531 50.7778 53.6667
213 0.15917 51.6667 52.6667
214 0.159037 50.6667 53.6667
215 0.158719 51.5556 52.6667
216 0.158593 50.8889 54
217 0.158408 52.1111 52.6667
218 0.158361 50.7778 54
219 0.158234 52 52.6667
220 0.15822 50.7778 54
221 0.158105 52.1111 52.6667
222 0.15811 50.4444 54
223 0.157987 52.2222 53
224 0.157998 50.3333 54
225 0.157859 52.3333 53
226 0.157866 50.3333 54
227 0.157715 52.5556 54.3333
228 0.157713 50.1111 54.3333
229 0.157563 52.5556 54.6667
230 0.157551 50.2222 54.3333
231 0.157406 52.4444 54.6667
232 0.157387 50.6667 54.3333
233 0.157248 52.8889 54.6667
234 0.157226 51 54.6667
235 0.157092 52.8889 54.6667
236 0.157083 51 54.6667
237 0.156956 52.7778 54.3333
238 0.156997 51.2222 53.6667
239 0.156868 52.6667 54.3333
240 0.156981 50.3333 54
241 0.156815 52.6667 54.3333
242 0.156974 50.2222 54
243 0.156751 52.6667 54.6667
244 0.156906 50.1111 54
245 0.156652 52.8889 54.6667
246 0.156772 50.1111 54
247 0.156521 52.8889 54.6667
248 0.156602 50.1111 54
249 0.156373 53.1111 54.6667
250 0.156425 50.1111 54
251 0.156224 53.1111 54.6667
252 0.156258 49.8889 54
253 0.156082 53 55
254 0.156107 50.1111 54
255 0.155951 53 55
256 0.15597 50.5556 54
257 0.155825 53.2222 55.3333
258 0.155842 50.5556 54.3333
259 0.1557 53.3333 55.3333
260 0.155719 50.8889 54.3333
261 0.155576 53.4444 55.3333
262 0.155615 50.3333 54.3333
263 0.155474 53.3333 54.3333
264 0.155576 50.1111 54.3333
265 0.155437 53.3333 54.3333
266 0.15565 49.8889 54.3333
267 0.155477 53.4444 54
268 0.155744 50.1111 54
269 0.155494 53.1111 53.3333
270 0.15569 50.1111 53.6667
271 0.155392 53.1111 53.3333
272 0.155474 49.8889 54
273 0.155195 53.1111 53.3333
274 0.155188 50 54
275 0.154948 53.1111 53.3333
276 0.154873 50.1111 54
277 0.154661 53.1111 53.3333
278 0.154579 50.1111 54
279 0.154424 53 53.3333
280 0.154364 50.3333 54
281 0.154248 53.4444 53.6667
282 0.15421 50.3333 54
283 0.154125 53.2222 54
284 0.154113 50.3333 54
285 0.154049 53.3333 54.3333
286 0.154069 50.3333 54.3333
287 0.154008 53.5556 54.3333
288 0.154053 50.1111 54.3333
289 0.153967 53.4444 54
290 0.154011 49.2222 54.3333
291 0.153882 53.2222 54
292 0.153904 49.2222 54.3333
293 0.153745 53.3333 54
294 0.153743 50.1111 54.3333
295 0.153582 53 55
296 0.153561 50.1111 54.3333
297 0.153405 52.8889 54.6667
298 0.153355 50.6667 54.6667
299 0.153181 52.8889 54.6667
300 0.153075 50.5556 54.6667
301 0.152868 53.3333 54.6667
302 0.152751 51.6667 55.6667
303 0.152572 53.5556 54
304 0.152493 50.7778 55.3333
305 0.152311 53.4444 54.3333
306 0.152359 50.5556 55.3333
307 0.15208 54 54
308 0.152175 50 55.3333
309 0.151753 54.3333 54
310 0.151806 50.1111 55.6667
311 0.151411 54.3333 54
312 0.151482 50.1111 54.6667
313 0.151175 54.6667 54
314 0.15134 50.2222 54.3333
315 0.151018 54.8889 53.6667
316 0.151242 50 54.3333
317 0.150842 55.1111 53.3333
318 0.151035 50 54.3333
319 0.150631 55.4444 53.6667
320 0.150762 50.1111 55
321 0.150413 55.2222 53.6667
322 0.150492 51 54
323 0.150168 55.2222 53.6667
324 0.150196 51.3333 54.3333
325 0.149847 55.5556 53.6667
326 0.149836 51.3333 54.3333
327 0.149495 55.4444 53.6667
328 0.149556 50.6667 54
329 0.149246 55.4444 53
330 0.149396 50.7778 54
331 0.149042 55.3333 53.3333
332 0.149197 50.7778 54.6667
333 0.148766 55.5556 54
334 0.148865 51.2222 54.3333
335 0.148448 55.8889 54
336 0.148485 51.8889 54.6667
337 0.148119 56.1111 53
338 0.148108 52.4444 54.6667
339 0.147838 55.6667 51.3333
340 0.147849 52.3333 55
341 0.147647 56 53
342 0.147681 52.2222 55
343 0.147498 56 52.3333
344 0.147551 52.2222 55
345 0.147359 55.7778 52.6667
346 0.147417 52.6667 55
347 0.147194 55.3333 48.6667
348 0.147241 52.6667 54.3333
349 0.146994 56.2222 48.3333
350 0.147092 51.7778 50
351 0.146868 56.2222 48.6667
352 0.147004 51.7778 50
353 0.146762 56.4444 48.6667
354 0.146889 52 50
355 0.146639 56.8889 48.6667
356 0.146739 52.2222 50
357 0.146511 57.1111 48.6667
358 0.146591 53.7778 49.6667
359 0.146396 57.1111 49
360 0.146469 54 49.6667
361 0.146296 57.2222 49
362 0.146371 53.8889 49.6667
363 0.146205 57.1111 49
364 0.146283 53.8889 49.6667
365 0.146115 57 49.6667
366 0.146193 53.5556 49.6667
367 0.146024 57 49.6667
368 0.146098 53.7778 49.6667
369 0.145932 57.2222 49.6667
370 0.146003 53.6667 49.6667
371 0.145841 57.2222 50
372 0.145909 54 49.6667
373 0.145754 57.5556 50
374 0.145819 54 49.6667
375 0.145671 57.5556 50
376 0.145731 53.5556 49.6667
377 0.14559 57.5556 50
378 0.145645 53.6667 50
379 0.14551 57.6667 50
380 0.145559 53.8889 50
381 0.14543 57.5556 50
382 0.145472 53.8889 50
383 0.14535 57.6667 50.3333
384 0.145387 54.1111 50
385 0.145271 57.6667 50.3333
386 0.145303 54.1111 50.3333
387 0.145193 57.5556 50.3333
388 0.145227 54.7778 50.3333
389 0.145121 57.7778 50.6667
390 0.145168 53.4444 50.3333
391 0.145064 58 50.6667
392 0.145146 53.4444 51.6667
393 0.145035 58.2222 50.6667
394 0.145191 53 51.3333
395 0.145044 58.2222 50.3333
396 0.14531 52.7778 51.3333
397 0.145059 58.3333 50.3333
398 0.14538 52 51
399 0.144981 58.3333 50
400 0.145192 52.1111 51
401 0.14476 58.1111 50
402 0.144799 52.8889 51.6667
403 0.144551 57.6667 50
404 0.144532 53.3333 51.3333
405 0.144406 57.7778 50
406 0.144399 53.1111 51.3333
407 0.144303 57.7778 50
408 0.144363 53.1111 51
409 0.144253 58.3333 50
410 0.144452 53 50.3333
411 0.144248 58.2222 50
412 0.144624 51.4444 51
413 0.144456 58.4444 50
414 0.145247 51 52.6667
415 0.145838 57.4444 50.3333
416 0.148684 50.1111 51.3333
417 0.156164 50.3333 49
418 0.144953 51.1111 53
419 0.14441 53.4444 54
420 0.143961 53.3333 50.6667
421 0.143634 54.3333 51.3333
422 0.143492 55.3333 51
423 0.143403 55 51
424 0.143328 55.2222 49.6667
425 0.143261 55 49.6667
426 0.143201 56.2222 50
427 0.143148 55 49.6667
428 0.143107 58 50
429 0.143099 54.5556 51
430 0.143146 58.3333 49.6667
431 0.143492 52.7778 50.6667
432 0.14346 58.6667 51
433 0.144789 51.8889 51.3333
434 0.146323 56 51
435 0.150996 49.8889 51.3333
436 0.161534 49.6667 47
437 0.145853 55.6667 51.3333
438 0.144407 50.8889 52.6667
439 0.14341 55.3333 52.6667
440 0.143092 56.7778 52
441 0.142985 57.1111 52
442 0.142907 56.3333 51.6667
443 0.142845 57.8889 52
444 0.14281 55 51.3333
445 0.142778 58.2222 50.3333
446 0.142845 54.4444 50.3333
447 0.14277 58.2222 51.6667
448 0.143012 53.7778 50.6667
449 0.142756 58.6667 51.3333
450 0.143098 53 51
451 0.142898 59.2222 52
452 0.143587 52.8889 49.3333
453 0.143441 58.2222 51.3333
454 0.14477 51.7778 52.3333
455 0.146527 55.1111 48.3333
456 0.149267 49.2222 51
457 0.15885 50.2222 47.3333
458 0.144415 54.8889 52.3333
459 0.143472 53.8889 55.3333
460 0.14319 53.3333 55
461 0.142946 53.5556 53
462 0.14269 54.3333 51
463 0.142463 56.3333 51.3333
464 0.142307 56.8889 51.6667
465 0.142197 56.8889 51.6667
466 0.14211 57.8889 51.6667
467 0.142037 57.8889 51.6667
468 0.141972 58 52
469 0.141921 57.5556 51
470 0.141905 58.2222 50.6667
471 0.142069 55.7778 50.6667
472 0.142396 59.3333 51.6667
473 0.144286 52.5556 51.6667
474 0.146843 54.7778 48
475 0.147432 51.3333 51.3333
476 0.155178 52.1111 49
477 0.143106 55 54
478 0.142701 54.7778 53.6667
479 0.142506 54.7778 53
480 0.142369 54.6667 55.6667
481 0.142241 55.6667 52.6667
482 0.142102 56 52.6667
483 0.141943 56.4444 52
484 0.141776 57 52
485 0.141637 57.6667 52
486 0.141539 58.1111 51
487 0.141469 58.3333 50.6667
488 0.14142 57.6667 51
489 0.141401 58.4444 51.6667
490 0.141502 56 51
491 0.141679 59.4444 53
492 0.14266 53.3333 52.3333
493 0.142337 58.5556 52.3333
494 0.143476 52.8889 52.6667
495 0.144798 55.1111 47.6667
496 0.145201 51.6667 51.3333
497 0.15032 52.1111 48
498 0.142279 52.8889 56.6667
499 0.14175 55.8889 52
500 0.141566 55.7778 53

Confusion Matrix[ExpectedClass][ObtainedClass]
2129720550	62554	2129727482	36833	256565351	47280	
2129710048	122937	2129711265	38221	773	2206	
2129710048	34642	2129762145	36991	3123	38501	
2129710048	43430	2129712530	116257	1369	1816	
2129710048	37107	2129752901	36955	20123	28316	
2129710048	33439	2129756745	35807	1186	48225	
