Epoch	TrainError	TrainCCR	TestCCR
1 0.324782 20.2222 19.6667
2 0.31363 19.7778 17.6667
3 0.305145 18 13.3333
4 0.297523 17.1111 12.6667
5 0.290781 17.5556 15.3333
6 0.285381 18.2222 17.3333
7 0.280553 20.8889 18.6667
8 0.276119 26 22.3333
9 0.272538 26.7778 22.6667
10 0.269232 28.6667 23.6667
11 0.266051 30 24.6667
12 0.263092 32.3333 28
13 0.260426 33.1111 29
14 0.258017 33.4444 30.6667
15 0.25578 34 31.6667
16 0.253686 34.7778 32.3333
17 0.251684 34.5556 32.6667
18 0.249712 35.3333 33.6667
19 0.247751 35.6667 34.3333
20 0.245836 35.8889 35.3333
21 0.244016 37.1111 35.6667
22 0.242308 37.3333 36
23 0.240711 38 35.3333
24 0.239205 38.6667 36
25 0.237765 38.5556 37
26 0.236364 38.8889 37
27 0.234983 39 37.6667
28 0.233614 39.2222 37.6667
29 0.232259 39.7778 38
30 0.230917 40.2222 38.3333
31 0.229584 40.8889 39
32 0.228262 41.2222 39.3333
33 0.226951 41.3333 39.6667
34 0.225647 41.1111 40
35 0.224352 41.4444 40
36 0.223058 42 40
37 0.221721 41.6667 39.6667
38 0.220255 42.3333 40
39 0.218638 43.3333 40
40 0.217042 43.8889 39.6667
41 0.215529 44.2222 40
42 0.214098 44.6667 40.3333
43 0.21275 45.2222 41
44 0.21148 45.8889 41
45 0.210257 45.8889 41
46 0.209047 46.4444 42
47 0.207861 47.2222 42
48 0.206754 47.3333 43.6667
49 0.205727 47.4444 44.3333
50 0.204756 47.5556 45
51 0.203816 47.7778 45.6667
52 0.202882 48 45.6667
53 0.201936 48.1111 46
54 0.200966 47.6667 47
55 0.199964 47.8889 46.6667
56 0.198933 47.7778 47
57 0.19787 47.6667 47.6667
58 0.196777 47.7778 48
59 0.195706 48.1111 48
60 0.1947 49 48
61 0.193745 48.8889 49.3333
62 0.192804 48.7778 49.6667
63 0.191839 48.8889 50
64 0.190831 49.3333 50.6667
65 0.189828 49.6667 51.3333
66 0.188865 50 52
67 0.187927 50.4444 52.3333
68 0.187002 50.5556 52.6667
69 0.186071 50.5556 52.3333
70 0.185109 51.2222 52.6667
71 0.184112 51.5556 52.6667
72 0.183117 51.5556 52.6667
73 0.182163 51.8889 52.6667
74 0.181235 52.1111 53
75 0.180308 52.6667 53
76 0.179388 53.3333 54
77 0.178501 53.4444 54
78 0.177617 53.4444 54.6667
79 0.176721 54 54.6667
80 0.175892 54.3333 54.6667
81 0.175131 54.4444 55
82 0.174398 54.5556 55.3333
83 0.173679 54.6667 56
84 0.172967 55.4444 55.6667
85 0.17226 55.6667 55.6667
86 0.171549 55.3333 55
87 0.170825 55.5556 55
88 0.170089 55.5556 54.6667
89 0.169338 55.5556 54.6667
90 0.168553 55.4444 54.6667
91 0.167741 55.3333 55.3333
92 0.166952 55.5556 55.3333
93 0.16619 55.4444 55.3333
94 0.165444 56.1111 55.3333
95 0.164702 56.3333 55.3333
96 0.163956 56.3333 55.3333
97 0.163175 56.3333 55.3333
98 0.162341 57 55.6667
99 0.161565 57.3333 55
100 0.160891 57.7778 56.3333
101 0.160278 57.7778 56.6667
102 0.159706 58.1111 56.3333
103 0.159171 58.8889 56.3333
104 0.158665 58.7778 56.6667
105 0.158185 59.1111 56.6667
106 0.157724 59.1111 56.6667
107 0.157275 59.2222 56.6667
108 0.156831 59.3333 56.6667
109 0.156386 59.4444 56.6667
110 0.155935 59.3333 56.3333
111 0.155476 59.3333 56.3333
112 0.155005 59.6667 56.6667
113 0.154513 59.7778 57
114 0.154001 60 57
115 0.153486 60.1111 57
116 0.152958 60.2222 56.6667
117 0.152433 60.5556 56.6667
118 0.151957 60.6667 56.6667
119 0.15154 60.8889 56.6667
120 0.151169 61 57
121 0.150827 61.8889 59.3333
122 0.150502 61.8889 59.6667
123 0.150189 62 59.3333
124 0.149883 61.8889 59.3333
125 0.14958 61.8889 59.3333
126 0.149276 62.3333 59.3333
127 0.148968 62.3333 59.3333
128 0.148654 62.5556 59.6667
129 0.148328 62.5556 59.6667
130 0.147985 62.5556 60
131 0.147621 62.7778 59.6667
132 0.147243 62.7778 60
133 0.14687 62.8889 60
134 0.146515 63 60
135 0.146185 63.1111 60
136 0.145875 63.2222 60
137 0.145578 63.2222 60.3333
138 0.145286 63.5556 60.3333
139 0.144993 63.5556 60.3333
140 0.144697 63.7778 60.3333
141 0.144381 63.8889 60.6667
142 0.144027 63.8889 60.6667
143 0.14365 64 61
144 0.143275 64 61
145 0.142936 64 61
146 0.142659 63.8889 61
147 0.142408 63.8889 61
148 0.142154 64.1111 61
149 0.141883 64.2222 60.6667
150 0.141604 64 61
151 0.141342 63.8889 60.6667
152 0.141092 64 60.6667
153 0.140841 64 61
154 0.140586 64.1111 61
155 0.140335 64.1111 60.6667
156 0.140084 64 60.6667
157 0.139822 64.3333 60.6667
158 0.139543 64.3333 60.6667
159 0.139245 64.3333 60.6667
160 0.138941 64.5556 61
161 0.138658 64.6667 61
162 0.138408 64.6667 61
163 0.138182 64.7778 61
164 0.137971 65 61
165 0.137768 65 61
166 0.13757 65.3333 61
167 0.13737 65.2222 61.3333
168 0.137163 65.3333 61.3333
169 0.136946 65.3333 61.3333
170 0.136716 65.2222 61.3333
171 0.136478 65.3333 61
172 0.136231 65.4444 61
173 0.135961 65.6667 61
174 0.135668 65.6667 61
175 0.1354 65.8889 61.3333
176 0.135155 66.1111 61.6667
177 0.134908 66.2222 62.3333
178 0.13466 66.2222 62.6667
179 0.134422 66.2222 62.6667
180 0.134198 66.2222 63
181 0.133986 66.2222 63
182 0.133785 66.3333 63
183 0.133591 66.2222 63
184 0.133407 66.2222 63
185 0.133231 66.3333 63
186 0.133065 66.6667 63
187 0.132906 66.7778 63
188 0.132752 66.7778 62.6667
189 0.132603 66.8889 62.6667
190 0.132457 66.8889 62.6667
191 0.132312 66.8889 62.6667
192 0.132168 66.7778 62.6667
193 0.132023 66.8889 63
194 0.131877 66.8889 63.3333
195 0.131727 66.8889 63.3333
196 0.13157 66.8889 63
197 0.131401 66.8889 63
198 0.131212 67 63
199 0.131 67 63
200 0.130762 67 63.3333
201 0.130521 67.2222 63.3333
202 0.13031 67.3333 63.3333
203 0.130131 67.2222 63.6667
204 0.129973 67.2222 63.6667
205 0.129829 67.2222 63.6667
206 0.129695 67.2222 63.6667
207 0.129568 67.2222 63.6667
208 0.129445 67 63.3333
209 0.129325 67 63.3333
210 0.129206 66.8889 63.3333
211 0.129086 67 63.3333
212 0.128962 67 63.3333
213 0.128833 66.8889 63
214 0.128695 66.7778 62.6667
215 0.128545 66.6667 62.6667
216 0.128385 66.5556 62.6667
217 0.128221 66.5556 62.6667
218 0.128059 66.6667 62.6667
219 0.127903 66.5556 62.6667
220 0.127752 66.5556 62.6667
221 0.127607 66.7778 62.6667
222 0.127465 66.7778 62.6667
223 0.127325 66.6667 63
224 0.127185 66.6667 63
225 0.127042 66.6667 63
226 0.126897 66.5556 62.6667
227 0.126748 66 62.3333
228 0.126593 65.7778 61.6667
229 0.126418 65.6667 61.6667
230 0.126202 65.4444 61.6667
231 0.125925 65.5556 61.6667
232 0.125618 65.6667 61.6667
233 0.125332 65.6667 62
234 0.125072 65.4444 62
235 0.124826 65.3333 62.6667
236 0.124584 65.3333 62.6667
237 0.124351 65.4444 62
238 0.124143 65.3333 62.3333
239 0.123975 65.7778 61.3333
240 0.12385 65.5556 62
241 0.123885 65.6667 61
242 0.123941 64.7778 61.3333
243 0.124878 65.1111 61
244 0.123702 65 61.3333
245 0.124613 65.1111 60.6667
246 0.123125 65.3333 61.6667
247 0.123441 65.2222 60.6667
248 0.122957 65.1111 61
249 0.123728 65.1111 61.3333
250 0.12258 65.2222 62
251 0.123123 65 61
252 0.121678 65.3333 62.3333
253 0.122132 65 61
254 0.121178 65.4444 62.3333
255 0.121789 65.2222 61.3333
256 0.120865 65.3333 62.3333
257 0.121206 65.3333 61
258 0.12055 65.3333 61.6667
259 0.120554 65.7778 61.3333
260 0.120059 65.3333 61.6667
261 0.119702 66 61.3333
262 0.119311 65.2222 62.6667
263 0.11903 65.8889 61
264 0.11884 65.5556 61
265 0.118697 65.7778 61
266 0.118584 65.7778 60.6667
267 0.118487 65.7778 60.6667
268 0.118401 65.6667 60.6667
269 0.118321 65.6667 60.6667
270 0.118245 65.5556 60.6667
271 0.118172 65.4444 60.6667
272 0.118102 65.3333 60.6667
273 0.118034 65.3333 60.6667
274 0.117968 65.3333 61
275 0.117903 65.4444 61
276 0.117838 65.4444 61
277 0.117775 65.4444 61
278 0.117711 65.4444 61
279 0.117648 65.4444 61
280 0.117584 65.5556 61
281 0.11752 65.4444 61
282 0.117455 65.5556 61
283 0.11739 65.5556 61
284 0.117324 65.5556 61.3333
285 0.117259 65.5556 61.3333
286 0.117193 65.5556 61.3333
287 0.117128 65.5556 61.6667
288 0.117064 65.6667 61.6667
289 0.117 65.7778 61.6667
290 0.116935 65.7778 61.6667
291 0.11687 65.7778 61.6667
292 0.116802 65.6667 61.6667
293 0.11673 65.5556 62
294 0.116651 65.5556 62
295 0.116562 65.5556 62
296 0.116463 65.5556 62
297 0.116366 65.5556 61.3333
298 0.11628 65.5556 61.3333
299 0.116201 65.6667 61
300 0.116124 65.6667 61
301 0.116047 65.7778 61
302 0.11597 65.7778 61
303 0.1159 65.7778 60.6667
304 0.115837 65.7778 60.6667
305 0.11578 65.8889 60.6667
306 0.115728 65.8889 60.3333
307 0.11568 66 60.3333
308 0.115635 66 60.3333
309 0.115592 66.2222 60.6667
310 0.11555 66.2222 60.6667
311 0.115511 66.2222 60.6667
312 0.115472 66.2222 61
313 0.115435 66.2222 61
314 0.115399 66.2222 61
315 0.115364 66.2222 61
316 0.11533 66.2222 60.6667
317 0.115296 66.1111 60.6667
318 0.115263 66.1111 60.6667
319 0.115231 66.1111 60.6667
320 0.115199 66 60.6667
321 0.115167 66 60.6667
322 0.115136 66 60.6667
323 0.115104 66 60.6667
324 0.115073 66 60.6667
325 0.115041 66 60.6667
326 0.115008 66 60.6667
327 0.114975 66 60.6667
328 0.11494 65.8889 60.6667
329 0.114904 65.8889 60.6667
330 0.114865 65.8889 60.3333
331 0.114823 65.8889 60.3333
332 0.114778 65.8889 60.6667
333 0.114731 65.8889 60.6667
334 0.114682 65.8889 60.6667
335 0.114635 65.8889 61
336 0.114589 65.8889 61
337 0.114546 66 61
338 0.114504 65.8889 61
339 0.114464 65.8889 61
340 0.114426 65.8889 61.3333
341 0.114391 65.8889 61.3333
342 0.114357 65.8889 61.3333
343 0.114325 65.8889 61.6667
344 0.114295 65.8889 61.6667
345 0.114265 65.8889 61.6667
346 0.114236 65.8889 61.6667
347 0.114207 65.8889 62
348 0.114178 65.8889 62
349 0.114149 65.8889 62
350 0.11412 65.8889 62
351 0.114091 65.8889 62
352 0.114061 65.8889 62
353 0.114032 65.8889 62
354 0.114003 65.7778 62
355 0.113975 65.7778 62
356 0.113948 65.7778 62
357 0.113922 65.8889 62
358 0.113896 65.8889 62
359 0.113872 65.8889 62
360 0.113848 65.8889 62
361 0.113824 65.8889 62
362 0.113801 65.8889 62
363 0.113778 65.8889 62
364 0.113755 65.8889 62
365 0.113732 65.8889 62
366 0.113709 65.8889 62
367 0.113686 65.8889 62
368 0.113662 65.8889 62
369 0.113637 65.8889 62
370 0.113611 66 62
371 0.113583 66 62.3333
372 0.113554 66 62.3333
373 0.113523 66 62.3333
374 0.11349 66 62.3333
375 0.113455 66 62.3333
376 0.113417 66 62.3333
377 0.113378 66 62.3333
378 0.113337 66 62.3333
379 0.113295 66 62.3333
380 0.113252 66 62.3333
381 0.11321 66 63
382 0.113167 66 63
383 0.113123 66 63
384 0.113077 66 62.6667
385 0.113028 66 62.6667
386 0.112977 66 62.6667
387 0.112924 66 62.6667
388 0.11287 66 62.6667
389 0.112817 66 62.6667
390 0.112768 66 62.6667
391 0.112722 66 62.6667
392 0.112679 66 62.6667
393 0.112639 66 62.6667
394 0.112603 66 62.6667
395 0.112568 66 62.6667
396 0.112535 66 62.6667
397 0.112505 66.1111 62.6667
398 0.112476 66.1111 62.6667
399 0.112448 66.1111 62.6667
400 0.112422 66.1111 62.6667
401 0.112398 66.1111 62.3333
402 0.112374 66.1111 62.3333
403 0.112352 66.1111 62.3333
404 0.11233 66.2222 62.3333
405 0.112309 66.2222 62.3333
406 0.112289 66.2222 62.3333
407 0.11227 66.2222 62.3333
408 0.112251 66.2222 62.3333
409 0.112232 66.2222 62.3333
410 0.112214 66.2222 62.3333
411 0.112196 66.2222 62.3333
412 0.112179 66.2222 62
413 0.112161 66.2222 62
414 0.112143 66.2222 62
415 0.112125 66.2222 62
416 0.112107 66.2222 62
417 0.112088 66.2222 62
418 0.112069 66.2222 62
419 0.112048 66.2222 62
420 0.112025 66.2222 62
421 0.111999 66.2222 62
422 0.111968 66.2222 62
423 0.111932 66.1111 62
424 0.111887 66.2222 62
425 0.111836 66.2222 62
426 0.111785 66.2222 62
427 0.111742 66.2222 62
428 0.111706 66.2222 62.6667
429 0.111676 66.2222 62.6667
430 0.11165 66.2222 62.6667
431 0.111626 66.2222 62.6667
432 0.111603 66.2222 62.6667
433 0.111582 66.2222 62.6667
434 0.111561 66.2222 62.6667
435 0.111539 66.2222 62.6667
436 0.111517 66.2222 62.6667
437 0.111493 66.2222 62.6667
438 0.111466 66.2222 62.6667
439 0.111432 66.2222 62.6667
440 0.111385 66.1111 62.6667
441 0.111318 66.1111 62.6667
442 0.111225 66.1111 62.6667
443 0.111144 66.1111 62.6667
444 0.111091 66.1111 62.6667
445 0.11105 66.1111 62.6667
446 0.111018 66.1111 62.6667
447 0.11099 66.1111 62.6667
448 0.110965 66.1111 62.6667
449 0.110942 66.2222 62.6667
450 0.110921 66.2222 62.6667
451 0.1109 66.2222 62.6667
452 0.110879 66.2222 62.3333
453 0.110858 66.2222 62.3333
454 0.110836 66.2222 62.3333
455 0.110812 66.2222 62
456 0.110784 66.3333 62
457 0.110751 66.3333 62
458 0.110708 66.3333 62
459 0.110655 66.3333 62
460 0.110593 66.3333 62
461 0.110536 66.3333 62
462 0.110493 66.3333 62
463 0.110459 66.3333 62
464 0.110432 66.3333 62
465 0.110407 66.3333 62
466 0.110385 66.3333 62
467 0.110365 66.3333 62
468 0.110346 66.3333 62
469 0.110328 66.3333 62
470 0.11031 66.3333 62
471 0.110292 66.3333 62
472 0.110274 66.3333 62
473 0.110256 66.3333 62
474 0.110237 66.3333 62
475 0.110217 66.3333 62
476 0.110194 66.3333 62
477 0.11017 66.3333 62
478 0.110142 66.3333 62
479 0.110113 66.3333 62
480 0.110082 66.3333 62
481 0.110054 66.3333 62
482 0.110029 66.3333 62
483 0.110006 66.3333 62
484 0.109987 66.4444 62
485 0.109969 66.5556 62
486 0.109952 66.5556 62
487 0.109937 66.5556 62
488 0.109922 66.5556 62
489 0.109907 66.5556 62
490 0.109893 66.5556 62
491 0.109879 66.5556 62
492 0.109866 66.5556 62
493 0.109852 66.5556 62
494 0.109838 66.5556 62
495 0.109824 66.5556 62
496 0.109809 66.5556 62
497 0.109795 66.5556 62
498 0.109779 66.5556 62
499 0.109763 66.5556 62
500 0.109745 66.5556 62

Confusion Matrix[ExpectedClass][ObtainedClass]
2129712852	83861	2129720039	60982	256553013	29463	
2129710048	114333	2129712978	43761	820	3510	
2129710048	33760	2129783469	32921	16030	9222	
2129710048	41612	2129711818	113767	859	7346	
2129710048	37343	2129747036	34083	36739	20201	
2129710048	34375	2129714059	36012	2068	88888	
