Epoch	TrainError	TrainCCR	TestCCR
1 0.317276 20.6667 15.3333
2 0.310098 21.1111 17
3 0.304605 21.6667 18.6667
4 0.300041 22.5556 19.6667
5 0.295877 23.8889 23.6667
6 0.291978 25 23.6667
7 0.288482 26 24
8 0.285423 28.4444 25.6667
9 0.282663 28.7778 25.3333
10 0.280041 29.2222 25
11 0.277405 30.7778 26
12 0.274624 34 28.6667
13 0.271627 34.5556 32.3333
14 0.268567 36.1111 33.6667
15 0.265691 35.6667 38.6667
16 0.262971 36.7778 37.6667
17 0.260367 37.2222 38.3333
18 0.257869 37.4444 38.3333
19 0.255559 37.4444 38.6667
20 0.253423 37.6667 38.3333
21 0.251414 38.4444 38.6667
22 0.24957 38.3333 38.6667
23 0.247885 38.4444 39
24 0.246315 39.3333 40
25 0.244806 39.3333 39.6667
26 0.243326 39.7778 40.6667
27 0.241851 40.4444 41.3333
28 0.240349 40.6667 42.6667
29 0.238803 41 42.6667
30 0.237232 41.8889 43.3333
31 0.235606 43 42.3333
32 0.233918 43.8889 43
33 0.232302 44 44.3333
34 0.230776 43.5556 43.6667
35 0.229307 44.3333 43.6667
36 0.22788 45.2222 44
37 0.226456 47 45.6667
38 0.224981 47.8889 46.3333
39 0.223486 48.1111 47
40 0.222054 48.5556 47.3333
41 0.220746 48.4444 47.3333
42 0.219589 48.7778 46
43 0.218526 48.6667 46
44 0.217517 48.5556 45.6667
45 0.216545 48.3333 45.6667
46 0.215597 48.7778 45.6667
47 0.214661 49.1111 46
48 0.213728 49.1111 46.3333
49 0.212795 49.3333 46.3333
50 0.21186 49.6667 46
51 0.21093 50.2222 46.6667
52 0.210005 50.6667 47
53 0.209071 51.2222 47.6667
54 0.208105 51.5556 48
55 0.207081 51.3333 48
56 0.205977 51.7778 48.6667
57 0.204773 52.2222 49
58 0.203522 51.8889 48.6667
59 0.202321 52 49
60 0.201147 52.4444 49
61 0.200008 52.6667 50
62 0.198932 52.8889 50.6667
63 0.197913 53.2222 50.6667
64 0.196938 53.3333 50.6667
65 0.195999 53.3333 50.6667
66 0.195081 54 50.6667
67 0.194183 53.7778 51
68 0.193313 53.8889 51
69 0.192479 54.4444 51.6667
70 0.191679 54.6667 51.6667
71 0.190898 54.6667 51.6667
72 0.190116 54.7778 52
73 0.189323 54.6667 51.6667
74 0.188533 54.7778 52
75 0.187758 54.7778 52
76 0.186987 54.7778 53
77 0.186203 54.7778 53.6667
78 0.1854 54.8889 54
79 0.184587 54.8889 54
80 0.183756 55.3333 54.6667
81 0.182882 55.2222 54.6667
82 0.181955 55.3333 54.6667
83 0.180989 55.1111 55.6667
84 0.180023 55.6667 55.6667
85 0.179105 55.6667 55.6667
86 0.178269 56 55.6667
87 0.177515 56 56
88 0.17682 56 56
89 0.176164 56.1111 55.6667
90 0.175534 56.2222 55.6667
91 0.174922 56.2222 55.6667
92 0.174319 56.2222 55.3333
93 0.173718 56.1111 55.6667
94 0.173112 56.1111 55.6667
95 0.172491 56.1111 55.6667
96 0.171857 56 55.6667
97 0.171211 56 56
98 0.170561 56 56.3333
99 0.16992 56.5556 56
100 0.169294 56.8889 56
101 0.168685 57 56
102 0.168093 57 56
103 0.16752 57.1111 56
104 0.16698 57.3333 56
105 0.166476 57.5556 55.6667
106 0.166001 57.5556 55.6667
107 0.165547 57.8889 55.6667
108 0.165109 57.8889 55.6667
109 0.164683 57.8889 55.6667
110 0.16427 57.7778 55.3333
111 0.163868 57.7778 55.3333
112 0.163475 57.7778 55.3333
113 0.163087 57.8889 55.3333
114 0.162702 58 55.3333
115 0.162318 58 55.6667
116 0.161938 58 55.6667
117 0.161566 58.1111 55.6667
118 0.161209 58.1111 55.6667
119 0.160867 57.8889 55.6667
120 0.16054 58 55.6667
121 0.160224 58 55.6667
122 0.159917 58.2222 55.6667
123 0.159617 58.2222 55.3333
124 0.159321 58.2222 55.6667
125 0.159029 58.3333 55.6667
126 0.158737 58.3333 55.6667
127 0.158442 58.3333 55.6667
128 0.158142 58.3333 55.6667
129 0.157837 58.3333 55.6667
130 0.157528 58.4444 55.6667
131 0.157217 58.5556 55.6667
132 0.156915 58.5556 55.6667
133 0.156629 58.6667 55.6667
134 0.156356 58.5556 55.6667
135 0.156094 58.6667 55.6667
136 0.155841 58.8889 55.6667
137 0.155596 58.7778 55.6667
138 0.155356 58.7778 55.6667
139 0.15512 58.7778 55.6667
140 0.154887 58.7778 55.6667
141 0.154653 58.8889 55.6667
142 0.154416 58.7778 56
143 0.154174 58.6667 56
144 0.153925 58.6667 56.3333
145 0.153673 58.6667 56.3333
146 0.153419 58.6667 56.3333
147 0.153163 58.7778 56.3333
148 0.152899 58.8889 56.3333
149 0.15262 58.8889 56.3333
150 0.152328 58.8889 56.3333
151 0.152031 58.7778 56.3333
152 0.151742 58.7778 56.3333
153 0.151476 58.8889 56.3333
154 0.151235 58.7778 56.3333
155 0.151005 58.6667 55.3333
156 0.150781 58.5556 55.3333
157 0.150558 58.4444 55.3333
158 0.150333 58.4444 55.3333
159 0.150107 58.5556 55.3333
160 0.149883 58.5556 55.3333
161 0.149666 58.6667 56
162 0.149456 58.4444 56
163 0.149247 58.5556 56
164 0.149037 58.5556 56.3333
165 0.148823 58.5556 56.3333
166 0.14861 58.5556 56.3333
167 0.148406 58.7778 56.3333
168 0.14821 58.8889 56.3333
169 0.148021 58.8889 56
170 0.147836 58.8889 56.3333
171 0.147659 58.6667 56.3333
172 0.147486 58.6667 56.6667
173 0.147316 58.6667 56.6667
174 0.147145 58.6667 56.6667
175 0.146969 58.4444 56.6667
176 0.146785 58.4444 56.6667
177 0.146594 58.5556 56.6667
178 0.146402 58.6667 56.6667
179 0.146209 58.6667 57
180 0.14601 58.8889 57
181 0.145799 59 57
182 0.145579 59.2222 57
183 0.145367 59.2222 57
184 0.14517 59.2222 57
185 0.144976 59.2222 57
186 0.144774 59.1111 57
187 0.144557 59.2222 57
188 0.144313 59.3333 57
189 0.144036 59.3333 57
190 0.143731 59.1111 57.3333
191 0.143435 59.1111 57.3333
192 0.143185 59 57.3333
193 0.142971 59.1111 57.3333
194 0.142768 59.1111 57.3333
195 0.142557 59.2222 57.3333
196 0.142323 59.3333 57.6667
197 0.142081 59.2222 57.6667
198 0.141881 59.4444 57.6667
199 0.141711 59.3333 57.6667
200 0.141556 59.3333 57.6667
201 0.14141 59.3333 57.6667
202 0.141269 59.3333 57.6667
203 0.141132 59.4444 57.6667
204 0.140996 59.4444 57.6667
205 0.140862 59.7778 57.6667
206 0.140727 59.6667 57.6667
207 0.140592 59.6667 57.6667
208 0.140455 59.7778 57.6667
209 0.140318 59.7778 57.6667
210 0.140181 59.6667 57.6667
211 0.140045 59.5556 57.6667
212 0.139911 59.5556 57.6667
213 0.139779 59.5556 57.6667
214 0.139647 59.5556 57.6667
215 0.139513 59.5556 57.6667
216 0.139373 59.5556 57.6667
217 0.139224 59.5556 57.3333
218 0.139059 59.5556 57.3333
219 0.138877 59.5556 57.3333
220 0.138689 59.6667 57.3333
221 0.138511 59.6667 57.3333
222 0.138351 59.5556 57.3333
223 0.138204 59.7778 57.3333
224 0.138068 59.7778 57.3333
225 0.137937 59.6667 57.3333
226 0.137811 59.6667 57.3333
227 0.137689 59.7778 57.3333
228 0.13757 59.7778 57.3333
229 0.137452 59.5556 57.3333
230 0.137333 59.5556 57.3333
231 0.13721 59.6667 57.3333
232 0.13708 59.7778 57.3333
233 0.136941 59.7778 57.3333
234 0.13679 59.7778 57.3333
235 0.136631 59.7778 57.3333
236 0.136469 59.7778 57
237 0.136311 59.7778 57
238 0.136161 59.7778 57
239 0.136014 59.7778 57.3333
240 0.135863 59.7778 57.6667
241 0.1357 59.7778 57.6667
242 0.135516 59.6667 57.6667
243 0.135295 59.6667 57.6667
244 0.135023 59.8889 57.6667
245 0.134753 60 57.6667
246 0.134546 60.1111 57.6667
247 0.134368 60.1111 57.6667
248 0.134186 60 57.6667
249 0.133996 60.2222 57.6667
250 0.133817 60.2222 58
251 0.133661 60.1111 58
252 0.133517 60 57.6667
253 0.133382 60 57.6667
254 0.133257 60 57.6667
255 0.133142 60.2222 57.6667
256 0.133035 60.2222 57.6667
257 0.132935 60.2222 57.6667
258 0.13284 60.2222 57.6667
259 0.13275 60.3333 57.6667
260 0.132664 60.4444 57.6667
261 0.132581 60.4444 57.6667
262 0.132501 60.3333 57.6667
263 0.132423 60.4444 57.6667
264 0.132348 60.4444 57.6667
265 0.132275 60.4444 57.6667
266 0.132204 60.4444 57.6667
267 0.132135 60.4444 57
268 0.132067 60.5556 57
269 0.132001 60.8889 57
270 0.131936 60.7778 57
271 0.131873 60.7778 57
272 0.13181 60.7778 57
273 0.13175 60.7778 57
274 0.13169 60.7778 57
275 0.131632 60.7778 57
276 0.131574 60.7778 57
277 0.131518 60.7778 57
278 0.131463 60.7778 57
279 0.131408 60.7778 57
280 0.131355 60.7778 57
281 0.131302 60.8889 57
282 0.131251 60.8889 57
283 0.1312 60.7778 57
284 0.131149 60.7778 57
285 0.1311 60.7778 57
286 0.131051 60.6667 57
287 0.131003 60.6667 57
288 0.130955 60.6667 57
289 0.130907 60.6667 57
290 0.130861 60.7778 57
291 0.130814 60.7778 57
292 0.130768 60.7778 57
293 0.130722 60.7778 57
294 0.130677 60.7778 57
295 0.130632 60.7778 57
296 0.130587 60.7778 56.6667
297 0.130542 60.7778 56.6667
298 0.130497 60.7778 56.6667
299 0.130452 60.8889 56.6667
300 0.130408 60.8889 56.6667
301 0.130363 60.8889 56.6667
302 0.130319 61 56.6667
303 0.130275 61 56.6667
304 0.130231 61 56.6667
305 0.130188 61 56.6667
306 0.130146 61 56.6667
307 0.130105 61 56.6667
308 0.130064 61 56.6667
309 0.130024 60.8889 56.6667
310 0.129985 60.7778 56.6667
311 0.129947 60.7778 56.6667
312 0.129909 60.7778 56.6667
313 0.129872 60.7778 56.6667
314 0.129836 60.7778 57.3333
315 0.1298 60.7778 57.3333
316 0.129764 60.7778 57.3333
317 0.129729 60.8889 57.3333
318 0.129694 60.8889 57.3333
319 0.129659 60.8889 57.3333
320 0.129625 61 57.3333
321 0.12959 61 57.6667
322 0.129556 61 57.6667
323 0.129522 61.1111 57.6667
324 0.129488 61.1111 57.6667
325 0.129453 61.1111 57.6667
326 0.129418 61.1111 57.6667
327 0.129382 61.2222 57.6667
328 0.129345 61.2222 57.6667
329 0.129306 61.2222 57.6667
330 0.129263 61.2222 57.6667
331 0.129216 61.2222 57.6667
332 0.12916 61.2222 57.6667
333 0.12909 61.1111 57.6667
334 0.128997 61.1111 57.3333
335 0.128883 61.1111 57.6667
336 0.128778 61.1111 57.6667
337 0.128696 61.1111 57.6667
338 0.128624 61.1111 58.3333
339 0.128548 61.2222 58.3333
340 0.12847 61.2222 58.3333
341 0.128399 61.3333 58.6667
342 0.128341 61.3333 58.6667
343 0.128291 61.4444 58.6667
344 0.128245 61.4444 59
345 0.128203 61.4444 59
346 0.128164 61.4444 59
347 0.128127 61.4444 59
348 0.128091 61.4444 59
349 0.128056 61.4444 59.3333
350 0.128022 61.4444 59.3333
351 0.127989 61.4444 59.3333
352 0.127956 61.4444 59.3333
353 0.127923 61.4444 59.3333
354 0.127891 61.4444 59
355 0.127859 61.4444 59
356 0.127827 61.4444 59
357 0.127795 61.4444 59
358 0.127762 61.4444 59
359 0.127728 61.4444 59
360 0.127692 61.5556 59
361 0.127654 61.5556 59
362 0.127613 61.7778 59.3333
363 0.127567 61.7778 59.3333
364 0.127514 61.8889 59.3333
365 0.127454 61.8889 59.3333
366 0.127391 62 59.6667
367 0.127332 62.1111 59.6667
368 0.127278 62.1111 59.6667
369 0.127229 62.2222 59.6667
370 0.127184 62.2222 59.6667
371 0.127141 62.1111 59.3333
372 0.127099 62.1111 59.3333
373 0.127057 62.1111 59.3333
374 0.127016 62.1111 59.3333
375 0.126973 62.1111 59.3333
376 0.126929 62.1111 59.6667
377 0.126884 62.1111 59.6667
378 0.126837 62.1111 59.6667
379 0.126788 62.1111 59.6667
380 0.12674 62.1111 59.6667
381 0.126693 62.2222 60
382 0.126648 62.2222 60.3333
383 0.126605 62.2222 60.3333
384 0.126564 62.2222 60.3333
385 0.126526 62.2222 60.3333
386 0.126489 62.2222 60.3333
387 0.126453 62.2222 60.3333
388 0.12642 62.2222 60.3333
389 0.126387 62.2222 60.3333
390 0.126355 62.2222 60.3333
391 0.126325 62.2222 60.3333
392 0.126295 62.2222 60.3333
393 0.126267 62.3333 60.3333
394 0.126239 62.3333 60.3333
395 0.126212 62.3333 60.3333
396 0.126185 62.3333 60.3333
397 0.126159 62.2222 60.3333
398 0.126134 62.2222 60.3333
399 0.126109 62.2222 60.3333
400 0.126085 62.2222 60.3333
401 0.126061 62.2222 60.3333
402 0.126037 62.2222 60.3333
403 0.126014 62.2222 60.3333
404 0.125991 62.2222 60.3333
405 0.125968 62.2222 60
406 0.125946 62.2222 60
407 0.125923 62.2222 60
408 0.125901 62.3333 60
409 0.125879 62.3333 60
410 0.125856 62.3333 60
411 0.125833 62.3333 59.6667
412 0.12581 62.3333 59.6667
413 0.125786 62.3333 59.3333
414 0.125761 62.3333 59.3333
415 0.125733 62.3333 59.3333
416 0.125702 62.3333 59.3333
417 0.125665 62.3333 59.3333
418 0.125618 62.3333 59.3333
419 0.125556 62.3333 59.3333
420 0.125484 62.3333 59.3333
421 0.125422 62.4444 59.3333
422 0.125382 62.4444 59.3333
423 0.125353 62.4444 59
424 0.125327 62.4444 59
425 0.125304 62.4444 59
426 0.125282 62.4444 59
427 0.125261 62.4444 59
428 0.12524 62.4444 59
429 0.125219 62.4444 59
430 0.125199 62.4444 59
431 0.125178 62.4444 59
432 0.125158 62.4444 59
433 0.125137 62.4444 59
434 0.125116 62.5556 59
435 0.125095 62.5556 59
436 0.125072 62.5556 59
437 0.125047 62.5556 59
438 0.125021 62.5556 59.3333
439 0.124991 62.5556 59.3333
440 0.124957 62.6667 59.3333
441 0.124918 62.6667 59.3333
442 0.124875 62.6667 59.3333
443 0.124832 62.6667 59.3333
444 0.124793 62.6667 59.3333
445 0.124759 62.6667 59.3333
446 0.124731 62.6667 59.3333
447 0.124705 62.6667 59.3333
448 0.124681 62.6667 59.3333
449 0.12466 62.6667 59.3333
450 0.124639 62.6667 59.3333
451 0.12462 62.7778 59.6667
452 0.124601 62.7778 59.6667
453 0.124583 62.7778 59.6667
454 0.124565 62.8889 59.6667
455 0.124548 63 59.6667
456 0.124531 62.8889 59.6667
457 0.124515 62.8889 59.6667
458 0.124498 62.8889 59.6667
459 0.124482 62.8889 59.6667
460 0.124467 62.8889 59.6667
461 0.124451 62.8889 59.6667
462 0.124436 62.8889 59.6667
463 0.12442 62.8889 59.6667
464 0.124405 63 59.6667
465 0.12439 63 59.6667
466 0.124376 63 59.6667
467 0.124361 62.8889 59.6667
468 0.124346 63 59.6667
469 0.124332 63 59.6667
470 0.124317 63 59.6667
471 0.124303 63 59.3333
472 0.124289 63 59.3333
473 0.124274 63 59.3333
474 0.12426 63 59.3333
475 0.124246 63 59.3333
476 0.124232 63 59.3333
477 0.124218 63 59.3333
478 0.124204 63.1111 59.3333
479 0.12419 63.1111 59.3333
480 0.124176 63.1111 59.3333
481 0.124162 63.1111 59.3333
482 0.124149 63.2222 59.3333
483 0.124135 63.3333 59.6667
484 0.124121 63.3333 59.6667
485 0.124107 63.2222 59.6667
486 0.124093 63.2222 59.6667
487 0.124079 63.2222 59.6667
488 0.124065 63.2222 59.6667
489 0.124051 63.2222 59.6667
490 0.124036 63.2222 59.6667
491 0.124022 63.2222 59.6667
492 0.124007 63.3333 59.6667
493 0.123992 63.4444 59.6667
494 0.123976 63.4444 59.6667
495 0.12396 63.4444 59.6667
496 0.123943 63.4444 59.6667
497 0.123925 63.4444 59.6667
498 0.123904 63.4444 59.6667
499 0.123881 63.4444 59.6667
500 0.123853 63.4444 59.6667

Confusion Matrix[ExpectedClass][ObtainedClass]
2129716739	59881	2129719063	54772	256577396	31847	
2129710048	106253	2129715843	49799	1481	2026	
2129710048	34682	2129795238	33795	6808	4879	
2129710048	52703	2129718860	101777	1858	204	
2129710048	36358	2129720384	33002	30731	54927	
2129710048	35020	2129718380	33348	7891	80763	
