-----------
Seed: 1
-----------
Number of RBFs used: 202
Coeficientes:  [[ 3.90016289e+00]
 [ 4.98102709e+00]
 [ 4.83053588e-01]
 [ 4.14739804e-02]
 [-2.53591913e-01]
 [ 8.29535352e+00]
 [ 8.01455056e+00]
 [ 1.21653952e+00]
 [-2.64665239e-01]
 [-6.61210710e-01]
 [ 7.60345315e+00]
 [-1.57962930e+01]
 [-5.65050817e+00]
 [-2.17922389e+01]
 [-8.59261548e-01]
 [-3.55521961e-02]
 [ 7.54432442e+00]
 [-6.72791206e-01]
 [-9.33282411e-01]
 [-3.77586454e-01]
 [ 7.43568665e+00]
 [ 2.31461160e+01]
 [ 1.77109147e+00]
 [-2.02630770e+01]
 [-2.80319125e+01]
 [ 3.63687636e-01]
 [ 4.76973149e+01]
 [ 3.21520983e+00]
 [ 3.77096127e-01]
 [ 4.29464235e+00]
 [ 2.39083918e+01]
 [-8.07454746e+00]
 [-1.13840421e+00]
 [-4.08970748e+01]
 [ 1.93290266e-01]
 [ 6.46646129e-01]
 [ 8.14431109e+00]
 [-3.17822191e+00]
 [ 2.79742544e+00]
 [-3.17553394e-01]
 [-2.53083539e+00]
 [-2.20073306e-01]
 [-4.51579843e-01]
 [-8.23447028e+00]
 [ 3.41841398e+01]
 [-9.04252404e-01]
 [-1.41160423e+01]
 [-1.15707138e+01]
 [-3.60425534e+01]
 [ 5.66492668e+00]
 [ 1.81044586e+01]
 [ 4.27849812e+00]
 [-2.97167236e-01]
 [ 3.67001003e-01]
 [-9.25882928e-02]
 [-7.05008087e+00]
 [-3.56251468e-01]
 [ 1.20142113e+01]
 [ 1.09299181e+00]
 [ 6.40164850e+00]
 [-3.42746666e-01]
 [ 2.40872849e+01]
 [ 3.65149244e+00]
 [ 5.79061636e-01]
 [ 1.36828795e+00]
 [ 1.36268127e+00]
 [ 6.43876745e+00]
 [ 8.10188111e-01]
 [-2.11322179e+01]
 [-2.69721541e+01]
 [ 2.99781132e+01]
 [ 6.64438435e-01]
 [ 5.32420153e+00]
 [-1.20055424e+01]
 [-7.54928189e-01]
 [ 1.30563204e+00]
 [ 2.89185097e+01]
 [-3.92417976e-01]
 [-3.13237736e+00]
 [-3.63243809e-01]
 [-1.39552874e+00]
 [-2.40401734e+01]
 [-9.98677388e+01]
 [ 1.94549544e-01]
 [ 2.77582714e-01]
 [ 1.54179489e+01]
 [-1.10109911e+00]
 [-3.97001951e+00]
 [-4.96155758e-01]
 [-1.44320263e+01]
 [ 3.32684579e+00]
 [-4.96359687e+00]
 [-2.27153006e-01]
 [ 1.81290365e+01]
 [ 2.04556102e+00]
 [-1.85645765e+00]
 [ 6.03124642e-01]
 [ 7.17473153e-01]
 [ 4.16678204e-01]
 [-2.26254369e+01]
 [ 1.18030197e+00]
 [ 1.23572705e-01]
 [ 1.41123518e+00]
 [-2.94796747e-01]
 [ 1.72379335e+01]
 [-2.73989100e+01]
 [-3.13888938e+00]
 [ 3.81915881e+00]
 [-1.75509273e-01]
 [-5.98060843e-02]
 [ 1.40392788e+00]
 [-1.95283951e+00]
 [ 1.19505535e+01]
 [ 4.69297186e+00]
 [-2.84480108e+00]
 [-1.84780890e-01]
 [-1.25224212e-01]
 [ 7.08682131e-01]
 [ 2.72816502e+00]
 [-4.05154635e+00]
 [ 6.48339188e-01]
 [-1.16845516e+01]
 [-6.46799132e+00]
 [ 1.20916589e+00]
 [ 2.00985058e+01]
 [-1.91156308e+00]
 [ 6.41754896e+00]
 [-4.58599221e+00]
 [-2.05935723e+01]
 [ 1.26606994e-01]
 [ 1.05268372e+01]
 [ 1.70720309e-02]
 [-2.63807817e+00]
 [ 2.68792248e-01]
 [-1.53421817e-01]
 [ 4.00761811e+00]
 [-3.18949079e+00]
 [ 5.00647107e+01]
 [ 3.90449016e+01]
 [ 6.79393227e-02]
 [-5.88826216e+00]
 [-1.47018507e+00]
 [-9.77945611e-02]
 [ 2.13580695e-02]
 [-8.17204173e-01]
 [-4.25474053e-01]
 [-2.86800116e-01]
 [-2.50856676e+00]
 [ 3.95550959e+01]
 [ 9.53957573e-01]
 [-1.95435303e+00]
 [-5.62463225e+00]
 [-2.70112119e+00]
 [-8.41238388e-01]
 [ 3.41172904e-01]
 [ 2.73180629e+00]
 [ 2.06654619e+01]
 [-8.01588401e-02]
 [ 2.26928175e-01]
 [-7.53699304e-02]
 [-1.81802033e+00]
 [-3.61909939e+00]
 [-1.43776958e-01]
 [ 2.02392481e+00]
 [ 4.16941674e+00]
 [ 1.03420645e+00]
 [-6.87971215e+00]
 [ 5.66428178e-01]
 [-4.10447031e-02]
 [ 7.79014827e+00]
 [ 1.35016019e+01]
 [ 1.93884865e+01]
 [-4.46475044e+00]
 [ 4.37022974e+00]
 [-9.50459124e-02]
 [ 2.07066571e+01]
 [-7.04009305e+00]
 [ 3.11895082e+00]
 [-3.52908870e-01]
 [ 1.56729724e+00]
 [-5.06676913e-02]
 [-1.40752942e+01]
 [-2.69399284e+01]
 [ 3.72588478e+00]
 [-7.27916673e+00]
 [ 6.58077386e+00]
 [-1.54900613e+00]
 [-9.24310004e-01]
 [-1.47472568e+01]
 [-3.45047425e-01]
 [ 7.66226709e-01]
 [-1.17325481e-01]
 [-2.49355120e-02]
 [-4.77703157e+00]
 [ 2.64405724e+00]
 [-4.23667526e+01]
 [-1.79298961e+00]
 [-2.23809378e+00]
 [-2.78147630e+00]
 [ 2.93512627e-01]
 [-7.38514753e+00]
 [ 9.32987298e-02]
 [ 1.30684870e+00]]
Training MSE: 0.089581
Test MSE: 0.378636
Training CCR: 88.89%
Test CCR: 62.64%
-----------
Seed: 2
-----------
Number of RBFs used: 202
Coeficientes:  [[ 1.79271055e-01]
 [ 8.61602640e+00]
 [ 1.03440304e+00]
 [ 4.70411029e-02]
 [ 5.11347951e-01]
 [-1.06243326e+00]
 [ 3.30775595e-01]
 [-7.40559557e+00]
 [-3.77299902e+00]
 [-2.50220367e+00]
 [-1.29400760e+01]
 [-4.58912179e+00]
 [-1.12633125e+01]
 [ 1.35142717e+01]
 [ 1.03242054e+00]
 [-5.00786136e+00]
 [ 1.81280829e-01]
 [-1.29091945e+00]
 [ 4.89560174e+00]
 [ 6.13729770e+00]
 [ 3.04145498e+00]
 [-2.07227949e+01]
 [-2.00152319e+00]
 [ 2.78434805e-01]
 [-3.65113138e+01]
 [-1.42750403e+01]
 [-1.89209942e+00]
 [ 1.97969480e+01]
 [-1.76263133e+00]
 [-4.92749669e+00]
 [-1.30454667e+01]
 [ 5.49742491e+00]
 [-2.01265355e+00]
 [ 1.07571399e+00]
 [-8.55929494e+00]
 [-6.76899367e+00]
 [ 4.83815859e+00]
 [-4.22681746e-01]
 [ 6.08453477e+00]
 [ 1.31959723e-01]
 [-2.56197180e+00]
 [-2.86838849e+00]
 [ 5.35839814e-01]
 [ 3.40079999e-01]
 [-1.27594454e+01]
 [-3.34143246e+00]
 [ 2.99938502e+01]
 [ 3.28767751e+00]
 [-5.72760402e-01]
 [-4.07185588e-01]
 [ 7.58768197e+00]
 [-2.44151939e+01]
 [ 6.99072491e+00]
 [ 1.53081360e+00]
 [-2.04796637e+00]
 [-7.38201736e-02]
 [ 4.14111010e+00]
 [-2.53655325e+00]
 [ 2.42372317e+00]
 [-2.27214732e+01]
 [ 5.69880822e-01]
 [-1.74426398e-01]
 [-5.71959632e-01]
 [-2.96187526e+00]
 [ 7.92565541e+00]
 [ 8.47898555e-01]
 [-4.77756581e+00]
 [ 1.00142770e-01]
 [ 1.31070072e+00]
 [-9.27887103e+00]
 [-1.00634945e+01]
 [ 6.25604243e-01]
 [ 8.36232924e-01]
 [-5.39947841e+00]
 [ 1.05073288e-01]
 [-6.45409099e-01]
 [ 4.27491310e-01]
 [ 3.37286098e+00]
 [ 1.39821534e+00]
 [ 2.84918199e+00]
 [-4.28266925e-02]
 [ 6.13922734e-03]
 [ 1.76024474e-02]
 [ 3.51361168e+00]
 [ 6.12250233e+00]
 [ 1.00601330e+01]
 [-2.85446988e+01]
 [ 1.36032635e-03]
 [-9.96206414e-01]
 [ 1.32348240e+00]
 [ 5.80292700e-02]
 [ 2.99483040e+01]
 [-6.87871594e-02]
 [ 2.85461243e+01]
 [ 2.55919932e+00]
 [-2.38109895e-01]
 [-3.06563257e+00]
 [ 1.47085577e+00]
 [-4.56746735e-01]
 [-7.20403818e-01]
 [-5.86803410e-02]
 [-1.28568678e+01]
 [ 5.07875272e+00]
 [-1.75830362e-01]
 [ 2.68628650e-01]
 [ 3.09683717e+01]
 [ 4.19163884e+00]
 [-4.21372119e-02]
 [ 5.95686104e+00]
 [ 6.77993967e-01]
 [-4.12602121e+00]
 [ 3.56407508e+00]
 [ 9.48268474e+00]
 [ 1.30308031e+00]
 [ 2.75033612e-01]
 [ 2.32391427e-01]
 [ 2.64781457e+01]
 [ 4.59049872e-02]
 [ 3.83788367e+00]
 [ 5.90963310e-02]
 [-7.98066648e-01]
 [-1.82230438e-01]
 [ 3.24595095e+00]
 [-1.39913954e+01]
 [ 9.15630399e-03]
 [-3.41952408e-01]
 [-3.63557509e+00]
 [-3.50481114e-01]
 [-2.75710238e+00]
 [-6.13173092e+00]
 [ 2.23206522e-02]
 [ 2.22755741e+00]
 [ 1.87830263e-02]
 [ 1.64898736e+00]
 [ 1.00107922e+01]
 [ 9.36677217e+00]
 [ 7.90610245e+00]
 [ 4.44297082e+00]
 [ 5.32997922e+00]
 [ 3.51325931e-02]
 [-5.65357912e-01]
 [-5.16695137e-01]
 [-4.89107604e+00]
 [-5.68791335e+00]
 [-3.21530734e+00]
 [ 4.37847584e-02]
 [ 9.17119077e-02]
 [ 1.78194703e+00]
 [ 1.06443900e+01]
 [ 2.02119600e+00]
 [-5.51204525e+00]
 [ 1.30483089e+00]
 [ 1.12048302e+01]
 [-1.54482049e+00]
 [-2.47143585e+00]
 [-5.77098813e-01]
 [ 1.76620865e+01]
 [ 2.53438524e+01]
 [-5.22939318e+00]
 [ 4.85776342e+00]
 [ 2.95318099e+00]
 [ 2.47712880e+00]
 [ 7.07056170e-01]
 [-4.10695388e+00]
 [-1.24130701e+00]
 [-2.14817423e+00]
 [-1.84434357e+00]
 [ 2.77115791e+00]
 [ 2.35351786e+00]
 [-9.48001921e-02]
 [-1.35285817e+01]
 [-4.31129401e+00]
 [ 2.15633164e+01]
 [ 4.29638720e-02]
 [-3.16968021e+00]
 [-1.75694262e-02]
 [-2.00896008e-01]
 [-3.29688571e+01]
 [ 3.79870173e+00]
 [ 9.09841133e-01]
 [-2.95410288e+00]
 [ 2.26358319e+00]
 [-4.62640041e+00]
 [ 1.30884696e+00]
 [-1.38316588e+00]
 [-2.54066618e-01]
 [ 1.58759262e-01]
 [-1.07471009e+00]
 [-2.92939305e-01]
 [-5.23909600e+01]
 [-7.01248614e-02]
 [ 7.71417768e+00]
 [ 2.74074069e+00]
 [ 4.58993384e-01]
 [-8.00008578e-02]
 [ 8.52144702e-01]
 [ 1.99435262e+00]
 [-4.74806710e-01]
 [ 3.25833158e-01]
 [-2.50821893e+00]
 [-4.27849548e-01]
 [ 3.94723102e+00]
 [ 9.53714250e-01]]
Training MSE: 0.089911
Test MSE: 0.270651
Training CCR: 87.65%
Test CCR: 64.94%
-----------
Seed: 3
-----------
Number of RBFs used: 202
Coeficientes:  [[-2.62147004e-01]
 [-4.20843318e-01]
 [-1.71557529e+00]
 [-9.35578094e+00]
 [-1.03709178e+00]
 [-2.36511413e+00]
 [ 2.40463720e+00]
 [ 8.83488966e-01]
 [ 2.31919729e+00]
 [ 9.02708988e-01]
 [ 1.02968812e+01]
 [-2.45493788e-01]
 [-3.62341264e+00]
 [ 4.17561738e+00]
 [-1.03667465e+01]
 [ 1.77862391e+00]
 [ 1.20260388e+01]
 [ 1.14601575e+00]
 [-3.38005762e-02]
 [-1.67592553e-02]
 [ 9.18185830e-01]
 [-4.91437371e-01]
 [-4.48957254e-01]
 [-4.50440647e+00]
 [ 1.89779438e-01]
 [ 2.42051368e+00]
 [-2.15244232e+00]
 [-2.02704505e+00]
 [ 2.81364566e-02]
 [ 9.60154471e-01]
 [-5.06097448e-03]
 [ 2.01078436e+00]
 [ 1.57586772e+00]
 [ 6.52736300e-02]
 [-4.48080175e-02]
 [ 2.59097941e+00]
 [ 4.85405018e+00]
 [-6.92500937e+00]
 [ 1.42238823e+00]
 [ 4.69545097e+00]
 [ 8.04954634e+00]
 [-1.21451615e-01]
 [ 3.58140292e+00]
 [ 5.25087308e+00]
 [-8.33824191e+00]
 [-5.65734591e-03]
 [-1.14380768e+00]
 [-5.18919030e-01]
 [ 2.78258451e+00]
 [-6.66803743e-01]
 [-2.86245618e+00]
 [-1.24468054e+00]
 [ 1.42494928e+00]
 [ 2.63590826e+00]
 [-1.60529076e+00]
 [-3.25177186e+01]
 [-1.13888337e+01]
 [-2.08422823e+00]
 [ 8.52908602e-01]
 [ 6.26599042e+01]
 [-2.14660470e+00]
 [-7.29815187e-01]
 [ 2.49160517e+00]
 [ 1.22053758e-02]
 [-1.95775397e+00]
 [-6.40651127e+00]
 [-2.32547054e+00]
 [ 1.25625310e+01]
 [ 4.29472456e-02]
 [ 7.60743834e-02]
 [ 7.62337009e-02]
 [-9.33056958e+00]
 [ 2.08168310e-02]
 [-5.42394132e-01]
 [ 6.18803488e+00]
 [-4.95097604e+00]
 [-1.55983226e+01]
 [-5.05626240e+00]
 [ 3.63549615e-02]
 [-7.74165612e-01]
 [-2.87323233e+00]
 [ 1.88785970e-01]
 [-2.58605856e-01]
 [ 2.65816002e+00]
 [ 1.32226337e+00]
 [ 3.16520577e-02]
 [ 1.60487498e-01]
 [ 2.00751917e+01]
 [ 2.61361513e-01]
 [ 2.01746517e-02]
 [-7.31487013e+00]
 [ 6.53067382e-03]
 [-1.07085825e-02]
 [ 6.17655127e+00]
 [-7.84150303e-02]
 [ 1.67524925e-01]
 [ 3.67115574e+00]
 [ 2.90430581e-02]
 [ 3.42630340e-01]
 [-1.96123444e+00]
 [ 2.77708626e+00]
 [ 1.64124852e-01]
 [ 1.29876808e+01]
 [ 9.65211628e-01]
 [ 8.86559298e+00]
 [ 6.51245680e+00]
 [ 3.98480596e+00]
 [-1.53647914e+01]
 [-2.39503116e+01]
 [-3.90075864e+00]
 [ 4.33692777e+00]
 [-1.90254929e+00]
 [ 2.94954592e+01]
 [ 1.28654187e-02]
 [-1.00781454e+01]
 [ 1.13691178e+00]
 [ 4.72347720e+00]
 [-4.02454322e-01]
 [ 1.82573040e-01]
 [ 8.40937597e-01]
 [ 4.11361444e-02]
 [ 7.47394511e-03]
 [ 7.91159777e-02]
 [-7.41209516e-02]
 [ 6.83558703e-02]
 [ 1.95377863e-01]
 [ 4.96596755e+00]
 [ 3.91471530e-01]
 [-8.62970434e+00]
 [-5.45743156e+00]
 [-4.41588320e-01]
 [ 2.64949445e+01]
 [-1.70755705e-01]
 [-1.98930259e+01]
 [-1.77562713e+00]
 [-2.65366928e-01]
 [ 1.74386087e+00]
 [ 4.60113058e+00]
 [-1.93678547e+01]
 [-2.38417439e+01]
 [ 2.97084722e-01]
 [-1.01319134e+00]
 [-7.55836097e-01]
 [-5.87782422e+00]
 [-3.07602977e+00]
 [ 3.06381331e-01]
 [ 5.01388336e-01]
 [ 8.10134200e-01]
 [ 5.04662748e+00]
 [ 1.53924231e-02]
 [ 7.66273402e+00]
 [-3.21621416e+00]
 [-1.53218222e+00]
 [ 9.00318494e-01]
 [-2.63008624e+00]
 [ 4.45327141e-01]
 [ 2.50408106e-01]
 [-2.69967177e-01]
 [-1.41142251e+00]
 [ 1.47795956e+00]
 [-5.81902080e+00]
 [-2.13414102e+00]
 [ 2.09574321e+00]
 [ 1.43358048e+00]
 [ 6.83183477e+00]
 [ 2.36071921e+01]
 [-2.85899180e+00]
 [-9.18706726e-02]
 [ 1.72847152e+00]
 [-7.43961503e+00]
 [ 1.16037648e+01]
 [ 1.61584479e+01]
 [ 1.80853470e+00]
 [ 3.32449619e-01]
 [ 4.47595750e+00]
 [ 3.17772438e+00]
 [ 2.05587233e+00]
 [-5.23782622e-01]
 [ 3.98737364e-01]
 [-3.96422227e+00]
 [ 1.77083013e+00]
 [-2.20069256e+00]
 [-6.67722396e-01]
 [ 3.01847559e+00]
 [ 8.19519079e-02]
 [ 2.11069052e+00]
 [ 1.03016375e-01]
 [ 7.75553958e+00]
 [-6.58577128e+00]
 [-7.58735372e+01]
 [-2.12273529e+00]
 [ 6.61060781e+00]
 [-1.68549445e+00]
 [-3.91201880e+00]
 [-8.48486272e-01]
 [-6.41654014e+00]
 [ 4.51694168e+00]
 [ 2.24695467e+00]
 [-1.33201006e+00]
 [ 6.63199021e+00]
 [-2.06229983e+00]
 [ 4.82248613e+00]
 [ 9.72964367e-01]]
Training MSE: 0.094817
Test MSE: 0.266653
Training CCR: 85.93%
Test CCR: 65.52%
-----------
Seed: 4
-----------
Number of RBFs used: 202
Coeficientes:  [[ 3.38914148e-01]
 [-6.00233582e-01]
 [ 1.36293823e-01]
 [-6.94709174e+00]
 [ 8.34684394e+00]
 [-2.71172808e-01]
 [ 1.86984908e+00]
 [ 2.31735826e-01]
 [ 1.53902326e+01]
 [-1.75555951e+01]
 [ 1.28292189e+01]
 [ 2.84959846e-01]
 [ 1.81953345e-01]
 [-9.15136846e+00]
 [ 1.88476415e-01]
 [-2.33177562e+00]
 [-3.55201356e+00]
 [-3.75555062e-01]
 [ 1.36406900e-02]
 [-2.04199796e+00]
 [ 7.05085547e-01]
 [ 5.22749532e+00]
 [ 9.61690869e-01]
 [ 4.00848555e-01]
 [ 7.29517083e-01]
 [ 4.85774541e-01]
 [ 2.06479990e+00]
 [ 6.60604332e+00]
 [ 4.78941119e+00]
 [-1.83424068e+00]
 [-2.53918638e+00]
 [ 2.05844423e+00]
 [-5.94269695e+00]
 [-1.56833407e+00]
 [ 3.05575500e-01]
 [-1.23613221e+00]
 [-2.00440541e+00]
 [-8.25778197e+00]
 [-9.23292825e-02]
 [ 3.75057659e-01]
 [ 2.26978838e-01]
 [-3.47818202e+00]
 [ 2.59728967e-02]
 [ 8.81756908e-01]
 [-3.21024546e+00]
 [ 5.78371066e+00]
 [ 5.24941112e+00]
 [-2.49295602e+01]
 [-2.13808941e-02]
 [ 2.54791516e-01]
 [ 7.72263561e+00]
 [ 1.44542941e+01]
 [ 4.55290923e-01]
 [-1.69550857e+00]
 [-3.51299907e+00]
 [-3.36282471e-02]
 [-2.26987714e-01]
 [ 1.32318128e+00]
 [ 9.17983225e+00]
 [-1.62544858e+00]
 [-1.12943831e+00]
 [ 2.66020202e-01]
 [-2.77701525e+00]
 [ 2.72523430e+01]
 [-4.27577544e+01]
 [-1.17572718e+01]
 [-2.20565292e+01]
 [ 9.32712875e+00]
 [-3.12113569e+00]
 [ 2.25339610e-01]
 [ 2.78203753e-01]
 [ 3.30893941e+00]
 [ 1.55535810e-01]
 [-1.84296046e+00]
 [ 1.11830656e+00]
 [ 6.75571298e-01]
 [-5.94802417e+00]
 [ 4.05814534e-01]
 [ 3.24204591e+00]
 [ 4.33531649e-01]
 [-1.36117738e+00]
 [ 2.95499162e-01]
 [ 2.53866174e-01]
 [-4.12115410e-01]
 [ 3.21713751e+00]
 [-6.65053116e+00]
 [-7.73349313e+00]
 [-1.56336189e+00]
 [ 2.29013901e-01]
 [ 1.42916752e-01]
 [-4.63721712e-02]
 [ 2.88227735e+00]
 [ 1.14222771e+01]
 [ 2.94492555e+00]
 [ 4.54990556e-01]
 [-3.98798479e+00]
 [-2.63099833e+00]
 [-4.61546953e+00]
 [ 7.08348018e+00]
 [ 1.78797851e+01]
 [ 5.96015519e+00]
 [ 3.76128821e-01]
 [-1.61193732e+00]
 [ 5.19783203e+00]
 [ 3.02856987e+00]
 [-1.22484395e+01]
 [ 4.16874452e+00]
 [ 6.25974910e+00]
 [ 5.40317131e-01]
 [ 2.77862131e+00]
 [ 2.32542706e+00]
 [-1.41470446e-02]
 [-6.09905638e-01]
 [ 2.07988617e+00]
 [-6.91324694e+00]
 [-1.66156695e+01]
 [-3.34875243e+00]
 [-5.00573504e-01]
 [-3.78653854e+00]
 [ 1.03056473e+01]
 [-1.67888891e+00]
 [ 1.79554806e-01]
 [-1.16497022e+00]
 [ 7.11075355e-02]
 [ 1.77296694e+01]
 [ 6.97602262e-01]
 [ 9.82617361e-01]
 [-2.67959669e-01]
 [ 3.70863315e+00]
 [-8.57846627e+00]
 [ 7.70678257e-01]
 [ 4.00463141e-01]
 [ 1.23556219e+01]
 [ 2.69718610e-02]
 [ 7.29313599e-01]
 [-8.80374647e+00]
 [ 1.64243013e+01]
 [ 3.42519941e+00]
 [ 5.83745422e-01]
 [-5.92140750e-01]
 [ 1.19157033e+01]
 [-4.69970035e+00]
 [-5.68206148e+00]
 [-3.19448744e+00]
 [-1.31516380e-01]
 [-6.84171524e+00]
 [-3.53600155e+00]
 [ 3.56951162e+00]
 [-5.08147834e+00]
 [ 1.50016748e+00]
 [ 4.23418651e+00]
 [ 9.49251590e+00]
 [-6.02944590e+00]
 [ 1.93980687e+00]
 [-2.24449526e+00]
 [-1.13001294e+01]
 [-3.79928027e-01]
 [ 2.48562930e+00]
 [ 1.29439361e+00]
 [ 3.35569936e-01]
 [-2.77368739e+00]
 [ 9.12762887e-01]
 [ 1.76443481e+01]
 [ 6.22911446e-01]
 [ 4.29265230e-01]
 [-2.35748020e+01]
 [ 1.01254330e-01]
 [ 2.85123947e+00]
 [ 5.44629543e+00]
 [-1.12689266e-01]
 [ 2.99157013e+00]
 [-2.93036113e+00]
 [-1.63983846e+00]
 [ 5.01397846e+00]
 [-8.36299188e-01]
 [ 5.18282406e-01]
 [-1.16792162e+01]
 [ 8.64140245e+00]
 [ 6.85495903e-01]
 [-1.04127977e+00]
 [-4.16057070e+00]
 [ 1.73436067e+00]
 [-2.17386568e-01]
 [ 4.58320545e-01]
 [ 2.50376866e-01]
 [-2.19573918e-02]
 [-2.25470732e+01]
 [-9.63892077e-01]
 [ 9.58754934e+00]
 [-9.48220690e+00]
 [ 2.86644402e+00]
 [-4.05186322e-01]
 [ 1.47432968e+01]
 [-4.01264698e+00]
 [ 6.72537918e+00]
 [-1.06422401e-01]
 [-1.10657611e-01]
 [ 6.50463348e+00]
 [-3.78472862e+00]
 [-5.29866424e+00]
 [-2.89434010e+00]
 [ 1.58933325e+01]
 [ 6.01308713e-01]]
Training MSE: 0.093342
Test MSE: 0.275514
Training CCR: 88.89%
Test CCR: 66.09%
-----------
Seed: 5
-----------
Number of RBFs used: 202
Coeficientes:  [[ 2.67701945e+00]
 [-1.55697410e+00]
 [-7.12684378e-01]
 [ 3.20107491e-01]
 [ 8.34590057e-02]
 [-2.13936471e+00]
 [-5.17664575e+00]
 [ 1.69398244e+00]
 [ 1.12571213e+01]
 [ 9.62570701e+00]
 [ 3.78674033e+00]
 [ 2.03412185e+00]
 [ 6.78754996e+00]
 [ 8.73394940e+00]
 [ 9.16956061e+00]
 [-1.02792622e+00]
 [-3.20686990e+01]
 [ 2.46664906e-01]
 [-1.00212273e+00]
 [-1.22054900e+01]
 [ 1.03210745e+01]
 [-5.98746842e+00]
 [-6.94209533e-02]
 [ 8.57722616e-02]
 [-3.38288832e-01]
 [-2.10679273e+01]
 [ 1.61427699e+01]
 [ 8.12416396e+00]
 [-2.63587648e+00]
 [-1.44830620e+00]
 [-1.62620777e+01]
 [ 2.30327324e+01]
 [ 2.86972999e-01]
 [-7.68352781e+00]
 [-9.53408090e+00]
 [-3.55917402e-02]
 [-4.19253794e-02]
 [ 7.66286913e-01]
 [ 4.02093027e+00]
 [-2.18706851e+00]
 [-1.22454036e+00]
 [ 8.75872711e-01]
 [-2.35683730e+00]
 [-5.07415556e+00]
 [-2.93987230e-01]
 [-6.58898591e-01]
 [-1.01561882e+01]
 [-6.49030158e-01]
 [ 6.39214878e-02]
 [ 3.47946446e+00]
 [ 5.34427518e-01]
 [ 1.35364711e+01]
 [ 1.00006127e+00]
 [ 1.22062690e+01]
 [-5.11323885e+00]
 [-3.15504583e+00]
 [-3.39585154e+00]
 [-1.66002821e+00]
 [-2.36777277e+00]
 [-9.78165181e-01]
 [-6.29583800e+00]
 [ 4.60392496e-01]
 [ 4.84904945e+00]
 [-2.07732769e+00]
 [-5.51640114e+00]
 [-1.02266442e+00]
 [-3.63098982e-01]
 [ 9.19418063e-02]
 [-1.80688306e+00]
 [-2.27245837e-02]
 [ 6.96904148e+00]
 [ 4.55356616e-02]
 [ 2.99932152e-01]
 [ 5.41253155e+00]
 [ 1.02848618e+00]
 [ 2.63195902e+00]
 [-3.03275904e-01]
 [ 1.85366055e+01]
 [ 1.90603193e+01]
 [ 5.83475568e+00]
 [ 3.77681488e+00]
 [ 9.08978138e+00]
 [-1.20043510e-01]
 [ 8.54066238e+00]
 [ 2.29044465e+00]
 [-2.80700261e+00]
 [ 1.04750970e-01]
 [ 3.12278135e+00]
 [-8.64711903e-01]
 [ 8.40088172e-01]
 [ 6.48445354e+00]
 [ 6.00539923e+00]
 [-5.13907985e+00]
 [-1.99569648e+01]
 [ 8.89810734e+00]
 [ 1.33878073e+00]
 [ 9.24598247e+00]
 [ 1.24234529e+01]
 [ 6.92722343e+00]
 [-1.83195940e-01]
 [ 5.24798559e+01]
 [ 1.77665268e+00]
 [ 5.54439219e+00]
 [-4.81430928e+00]
 [-4.64312621e-01]
 [-1.59577540e+00]
 [ 1.79613812e-01]
 [ 9.03679946e-02]
 [ 1.35178839e+00]
 [ 7.69133515e+00]
 [-7.79612294e+00]
 [-1.78758378e-01]
 [ 3.77694453e-01]
 [-2.79207958e-01]
 [-1.56254850e+00]
 [ 4.24446104e-01]
 [ 3.15574576e-01]
 [ 1.74611366e+00]
 [ 6.91165837e-02]
 [-4.59517787e-03]
 [ 9.87146881e+00]
 [-4.17574086e+00]
 [ 3.01984468e+00]
 [-1.54825377e+01]
 [-1.43348580e+01]
 [ 1.33029462e+01]
 [ 3.70429403e-01]
 [ 1.77992252e-02]
 [ 8.81137833e+00]
 [ 4.60687838e+00]
 [ 5.00956122e-02]
 [ 1.55452265e-01]
 [-7.85299669e+00]
 [ 1.20434018e+00]
 [ 1.11712312e+00]
 [-8.96421490e-01]
 [-2.93580112e+00]
 [ 7.69351822e-02]
 [-7.89102271e+00]
 [ 5.75520447e-02]
 [-1.62187519e+00]
 [-7.12926240e+00]
 [ 2.42274486e+00]
 [ 8.49664163e-03]
 [-8.33463807e+00]
 [ 1.53672757e+00]
 [ 4.28280756e+00]
 [ 9.15182189e-02]
 [-7.13035500e-02]
 [-5.63805508e+00]
 [-8.28730633e+00]
 [-1.87904422e-02]
 [ 1.08917025e+01]
 [ 4.13833439e+00]
 [ 1.22110008e+00]
 [ 3.01907288e+00]
 [-6.16626119e+00]
 [ 2.36689734e+00]
 [ 2.47061913e+00]
 [-5.00802387e+00]
 [-4.65766406e+00]
 [ 5.09944735e-01]
 [-1.14178651e+01]
 [ 7.24338054e-02]
 [-4.11821765e+00]
 [-4.44746509e+00]
 [-3.80511244e+00]
 [-8.78729202e+00]
 [ 5.10514262e+00]
 [-4.24008035e+00]
 [-3.05839319e+00]
 [ 1.61002904e+01]
 [-2.48114372e+00]
 [-1.71341892e+00]
 [-1.08839792e+00]
 [ 6.45239248e-01]
 [ 4.24404903e+00]
 [ 3.26193528e-01]
 [-9.54349335e+00]
 [-2.55510423e+00]
 [-5.68136873e+00]
 [-2.00451715e+00]
 [-5.62500904e+00]
 [ 2.44132107e+00]
 [-3.31726312e+00]
 [-4.13774365e+00]
 [ 7.45884089e-02]
 [ 1.01608223e-02]
 [-1.55511841e+01]
 [-3.01424453e+01]
 [ 2.55172975e+00]
 [-2.89531861e+01]
 [ 2.10518637e+01]
 [-2.71452383e+00]
 [ 1.13601975e+00]
 [ 4.64771405e+00]
 [-1.01300392e+01]
 [ 1.05121400e-01]
 [-1.64717999e+01]
 [ 3.24997339e+00]
 [ 8.45791662e-01]
 [ 9.26445601e-02]
 [ 9.05669190e-01]]
Training MSE: 0.088117
Test MSE: 0.254891
Training CCR: 87.16%
Test CCR: 69.54%
******************
Summary of results
******************
Training MSE: 0.091154 +- 0.002508
Test MSE: 0.289269 +- 0.045201
Training CCR: 87.70% +- 1.12%
Test CCR: 65.75% +- 2.23%
