Epoch	TrainError	TrainCCR	TestCCR
1 0.201848 100 100
2 0.196738 100 100
3 0.193726 100 100
4 0.191581 100 100
5 0.189975 100 100
6 0.188717 100 100
7 0.187707 100 100
8 0.186884 100 100
9 0.186192 100 100
10 0.185593 100 100
11 0.185061 100 100
12 0.184578 100 100
13 0.184135 100 100
14 0.183723 100 100
15 0.183338 100 100
16 0.182975 100 100
17 0.182632 100 100
18 0.182306 100 100
19 0.181996 100 100
20 0.1817 100 100
21 0.181417 100 100
22 0.181146 100 100
23 0.180887 100 100
24 0.180638 100 100
25 0.180399 100 100
26 0.18017 100 100
27 0.179949 100 100
28 0.179736 100 100
29 0.17953 100 100
30 0.179332 100 100
31 0.17914 100 100
32 0.178954 100 100
33 0.178774 100 100
34 0.178599 100 100
35 0.178429 100 100
36 0.178264 100 100
37 0.178104 100 100
38 0.177948 100 100
39 0.177796 100 100
40 0.177649 100 100
41 0.177505 100 100
42 0.177364 100 100
43 0.177228 100 100
44 0.177095 100 100
45 0.176965 100 100
46 0.176839 100 100
47 0.176716 100 100
48 0.176596 100 100
49 0.17648 100 100
50 0.176366 100 100
51 0.176255 100 100
52 0.176147 100 100
53 0.176041 100 100
54 0.175939 100 100
55 0.175838 100 100
56 0.175741 100 100
57 0.175645 100 100
58 0.175552 100 100
59 0.175461 100 100
60 0.175373 100 100
61 0.175286 100 100
62 0.175202 100 100
63 0.175119 100 100
64 0.175038 100 100
65 0.17496 100 100
66 0.174883 100 100
67 0.174807 100 100
68 0.174734 100 100
69 0.174662 100 100
70 0.174592 100 100
71 0.174524 100 100
72 0.174457 100 100
73 0.174391 100 100
74 0.174328 100 100
75 0.174265 100 100
76 0.174204 100 100
77 0.174145 100 100
78 0.174087 100 100
79 0.17403 100 100
80 0.173975 100 100
81 0.173921 100 100
82 0.173869 100 100
83 0.173818 100 100
84 0.173768 100 100
85 0.173719 100 100
86 0.173671 100 100
87 0.173625 100 100
88 0.17358 100 100
89 0.173536 100 100
90 0.173493 100 100
91 0.173451 100 100
92 0.17341 100 100
93 0.17337 100 100
94 0.173331 100 100
95 0.173294 100 100
96 0.173256 100 100
97 0.17322 100 100
98 0.173185 100 100
99 0.17315 100 100
100 0.173117 100 100
101 0.173083 100 100
102 0.173051 100 100
103 0.173019 100 100
104 0.172988 100 100
105 0.172957 100 100
106 0.172927 100 100
107 0.172897 100 100
108 0.172867 100 100
109 0.172838 100 100
110 0.172809 100 100
111 0.172781 100 100
112 0.172752 100 100
113 0.172724 100 100
114 0.172697 100 100
115 0.172669 100 100
116 0.172641 100 100
117 0.172614 100 100
118 0.172586 100 100
119 0.172559 100 100
120 0.172531 100 100
121 0.172504 100 100
122 0.172476 100 100
123 0.172449 100 100
124 0.172421 100 100
125 0.172394 100 100
126 0.172366 100 100
127 0.172339 100 100
128 0.172311 100 100
129 0.172283 100 100
130 0.172255 100 100
131 0.172227 100 100
132 0.172199 100 100
133 0.172171 100 100
134 0.172142 100 100
135 0.172114 100 100
136 0.172086 100 100
137 0.172057 100 100
138 0.172029 100 100
139 0.172 100 100
140 0.171971 100 100
141 0.171943 100 100
142 0.171914 100 100
143 0.171885 100 100
144 0.171856 100 100
145 0.171828 100 100
146 0.171799 100 100
147 0.17177 100 100
148 0.171741 100 100
149 0.171713 100 100
150 0.171684 100 100
151 0.171655 100 100
152 0.171626 100 100
153 0.171598 100 100
154 0.171569 100 100
155 0.171541 100 100
156 0.171512 100 100
157 0.171484 100 100
158 0.171456 100 100
159 0.171427 100 100
160 0.171399 100 100
161 0.171371 100 100
162 0.171343 100 100
163 0.171316 100 100
164 0.171288 100 100
165 0.17126 100 100
166 0.171233 100 100
167 0.171205 100 100
168 0.171178 100 100
169 0.171151 100 100
170 0.171124 100 100
171 0.171097 100 100
172 0.17107 100 100
173 0.171044 100 100
174 0.171017 100 100
175 0.170991 100 100
176 0.170965 100 100
177 0.170938 100 100
178 0.170913 100 100
179 0.170887 100 100
180 0.170861 100 100
181 0.170835 100 100
182 0.17081 100 100
183 0.170785 100 100
184 0.170759 100 100
185 0.170734 100 100
186 0.170709 100 100
187 0.170685 100 100
188 0.17066 100 100
189 0.170635 100 100
190 0.170611 100 100
191 0.170587 100 100
192 0.170562 100 100
193 0.170538 100 100
194 0.170514 100 100
195 0.170491 100 100
196 0.170467 100 100
197 0.170443 100 100
198 0.17042 100 100
199 0.170396 100 100
200 0.170373 100 100
201 0.17035 100 100
202 0.170327 100 100
203 0.170304 100 100
204 0.170281 100 100
205 0.170258 100 100
206 0.170236 100 100
207 0.170213 100 100
208 0.170191 100 100
209 0.170168 100 100
210 0.170146 100 100
211 0.170124 100 100
212 0.170101 100 100
213 0.170079 100 100
214 0.170058 100 100
215 0.170036 100 100
216 0.170014 100 100
217 0.169992 100 100
218 0.169971 100 100
219 0.169949 100 100
220 0.169928 100 100
221 0.169906 100 100
222 0.169885 100 100
223 0.169864 100 100
224 0.169842 100 100
225 0.169821 100 100
226 0.1698 100 100
227 0.169779 100 100
228 0.169758 100 100
229 0.169737 100 100
230 0.169717 100 100
231 0.169696 100 100
232 0.169675 100 100
233 0.169654 100 100
234 0.169634 100 100
235 0.169613 100 100
236 0.169593 100 100
237 0.169572 100 100
238 0.169552 100 100
239 0.169532 100 100
240 0.169511 100 100
241 0.169491 100 100
242 0.169471 100 100
243 0.169451 100 100
244 0.169431 100 100
245 0.169411 100 100
246 0.169391 100 100
247 0.169371 100 100
248 0.169351 100 100
249 0.169331 100 100
250 0.169311 100 100
251 0.169291 100 100
252 0.169271 100 100
253 0.169251 100 100
254 0.169232 100 100
255 0.169212 100 100
256 0.169192 100 100
257 0.169172 100 100
258 0.169153 100 100
259 0.169133 100 100
260 0.169113 100 100
261 0.169094 100 100
262 0.169074 100 100
263 0.169054 100 100
264 0.169035 100 100
265 0.169015 100 100
266 0.168996 100 100
267 0.168976 100 100
268 0.168956 100 100
269 0.168937 100 100
270 0.168917 100 100
271 0.168898 100 100
272 0.168878 100 100
273 0.168858 100 100
274 0.168839 100 100
275 0.168819 100 100
276 0.1688 100 100
277 0.16878 100 100
278 0.16876 100 100
279 0.168741 100 100
280 0.168721 100 100
281 0.168701 100 100
282 0.168681 100 100
283 0.168662 100 100
284 0.168642 100 100
285 0.168622 100 100
286 0.168602 100 100
287 0.168582 100 100
288 0.168562 100 100
289 0.168542 100 100
290 0.168522 100 100
291 0.168501 100 100
292 0.168481 100 100
293 0.168461 100 100
294 0.16844 100 100
295 0.16842 100 100
296 0.168399 100 100
297 0.168379 100 100
298 0.168358 100 100
299 0.168337 100 100
300 0.168316 100 100
301 0.168295 100 100
302 0.168274 100 100
303 0.168252 100 100
304 0.168231 100 100
305 0.168209 100 100
306 0.168187 100 100
307 0.168165 100 100
308 0.168143 100 100
309 0.168121 100 100
310 0.168099 100 100
311 0.168076 100 100
312 0.168053 100 100
313 0.16803 100 100
314 0.168007 100 100
315 0.167984 100 100
316 0.16796 100 100
317 0.167936 100 100
318 0.167912 100 100
319 0.167888 100 100
320 0.167863 100 100
321 0.167838 100 100
322 0.167813 100 100
323 0.167788 100 100
324 0.167762 100 100
325 0.167736 100 100
326 0.16771 100 100
327 0.167683 100 100
328 0.167656 100 100
329 0.167629 100 100
330 0.167601 100 100
331 0.167573 100 100
332 0.167545 100 100
333 0.167516 100 100
334 0.167487 100 100
335 0.167457 100 100
336 0.167427 100 100
337 0.167396 100 100
338 0.167365 100 100
339 0.167334 100 100
340 0.167302 100 100
341 0.16727 100 100
342 0.167237 100 100
343 0.167204 100 100
344 0.16717 100 100
345 0.167136 100 100
346 0.167101 100 100
347 0.167065 100 100
348 0.167029 100 100
349 0.166993 100 100
350 0.166956 100 100
351 0.166918 100 100
352 0.16688 100 100
353 0.166841 100 100
354 0.166801 100 100
355 0.166761 100 100
356 0.16672 100 100
357 0.166678 100 100
358 0.166636 100 100
359 0.166593 100 100
360 0.16655 100 100
361 0.166505 100 100
362 0.16646 100 100
363 0.166414 100 100
364 0.166368 100 100
365 0.166321 100 100
366 0.166273 100 100
367 0.166224 100 100
368 0.166175 100 100
369 0.166124 100 100
370 0.166073 100 100
371 0.166022 100 100
372 0.165969 100 100
373 0.165916 100 100
374 0.165861 100 100
375 0.165807 100 100
376 0.165751 100 100
377 0.165694 100 100
378 0.165637 100 100
379 0.165579 100 100
380 0.16552 100 100
381 0.165461 100 100
382 0.1654 100 100
383 0.165339 100 100
384 0.165278 100 100
385 0.165215 100 100
386 0.165152 100 100
387 0.165088 100 100
388 0.165023 100 100
389 0.164958 100 100
390 0.164892 100 100
391 0.164826 100 100
392 0.164758 100 100
393 0.164691 100 100
394 0.164622 100 100
395 0.164554 100 100
396 0.164484 100 100
397 0.164414 100 100
398 0.164344 100 100
399 0.164274 100 100
400 0.164203 100 100
401 0.164131 100 100
402 0.164059 100 100
403 0.163987 100 100
404 0.163915 100 100
405 0.163843 100 100
406 0.16377 100 100
407 0.163697 100 100
408 0.163624 100 100
409 0.163551 100 100
410 0.163478 100 100
411 0.163405 100 100
412 0.163331 100 100
413 0.163258 100 100
414 0.163185 100 100
415 0.163112 100 100
416 0.16304 100 100
417 0.162967 100 100
418 0.162895 100 100
419 0.162822 100 100
420 0.162751 100 100
421 0.162679 100 100
422 0.162608 100 100
423 0.162537 100 100
424 0.162466 100 100
425 0.162396 100 100
426 0.162327 100 100
427 0.162257 100 100
428 0.162189 100 100
429 0.16212 100 100
430 0.162053 100 100
431 0.161985 100 100
432 0.161919 100 100
433 0.161853 100 100
434 0.161787 100 100
435 0.161722 100 100
436 0.161658 100 100
437 0.161594 100 100
438 0.161531 100 100
439 0.161469 100 100
440 0.161407 100 100
441 0.161346 100 100
442 0.161286 100 100
443 0.161226 100 100
444 0.161167 100 100
445 0.161109 100 100
446 0.161051 100 100
447 0.160995 100 100
448 0.160938 100 100
449 0.160883 100 100
450 0.160828 100 100
451 0.160774 100 100
452 0.160721 100 100
453 0.160669 100 100
454 0.160617 100 100
455 0.160566 100 100
456 0.160516 100 100
457 0.160466 100 100
458 0.160418 100 100
459 0.16037 100 100
460 0.160323 100 100
461 0.160276 100 100
462 0.160231 100 100
463 0.160186 100 100
464 0.160142 100 100
465 0.160099 100 100
466 0.160057 100 100
467 0.160015 100 100
468 0.159975 100 100
469 0.159935 100 100
470 0.159896 100 100
471 0.159858 100 100
472 0.159822 100 100
473 0.159786 100 100
474 0.159751 100 100
475 0.159717 100 100
476 0.159684 100 100
477 0.159653 100 100
478 0.159623 100 100
479 0.159594 100 100
480 0.159566 100 100
481 0.15954 100 100
482 0.159515 100 100
483 0.159492 100 100
484 0.159471 100 100
485 0.159451 100 100
486 0.159434 100 100
487 0.159418 100 100
488 0.159405 100 100
489 0.159395 100 100
490 0.159387 100 100
491 0.159382 100 100
492 0.15938 100 100
493 0.159382 100 100
494 0.159386 100 100
495 0.159394 100 100
496 0.159405 100 100
497 0.159419 100 100
498 0.159435 100 100
499 0.159453 100 100
500 0.159471 100 100
501 0.159488 100 100
502 0.159502 100 100
503 0.159512 100 100
504 0.159517 100 100
505 0.159514 100 100
506 0.159503 100 100
507 0.159484 100 100
508 0.159455 100 100
509 0.159418 100 100
510 0.159373 100 100
511 0.15932 100 100
512 0.15926 100 100
513 0.159195 100 100
514 0.159123 100 100
515 0.159048 100 100
516 0.158968 100 100
517 0.158886 100 100
518 0.158802 100 100
519 0.158715 100 100
520 0.158629 100 100
521 0.158541 100 100
522 0.158454 100 100
523 0.158368 100 100
524 0.158283 100 100
525 0.1582 100 100
526 0.158118 100 100
527 0.158039 100 100
528 0.157962 100 100
529 0.157887 100 100
530 0.157815 100 100
531 0.157746 100 100
532 0.15768 100 100
533 0.157616 100 100
534 0.157556 100 100
535 0.157498 100 100
536 0.157443 100 100
537 0.15739 100 100
538 0.15734 100 100
539 0.157293 100 100
540 0.157248 100 100
541 0.157206 100 100
542 0.157166 100 100
543 0.157128 100 100
544 0.157092 100 100
545 0.157058 100 100
546 0.157026 100 100
547 0.156995 100 100
548 0.156967 100 100
549 0.15694 100 100
550 0.156914 100 100
551 0.15689 100 100
552 0.156867 100 100
553 0.156846 100 100
554 0.156826 100 100
555 0.156807 100 100
556 0.156789 100 100
557 0.156772 100 100
558 0.156757 100 100
559 0.156742 100 100
560 0.156729 100 100
561 0.156716 100 100
562 0.156704 100 100
563 0.156693 100 100
564 0.156683 100 100
565 0.156673 100 100
566 0.156664 100 100
567 0.156656 100 100
568 0.156648 100 100
569 0.15664 100 100
570 0.156633 100 100
571 0.156626 100 100
572 0.156619 100 100
573 0.156612 100 100
574 0.156606 100 100
575 0.156599 100 100
576 0.156592 100 100
577 0.156585 100 100
578 0.156578 100 100
579 0.15657 100 100
580 0.156563 100 100
581 0.156554 100 100
582 0.156546 100 100
583 0.156537 100 100
584 0.156528 100 100
585 0.156518 100 100
586 0.156508 100 100
587 0.156498 100 100
588 0.156487 100 100
589 0.156475 100 100
590 0.156463 100 100
591 0.156451 100 100
592 0.156438 100 100
593 0.156424 100 100
594 0.15641 100 100
595 0.156396 100 100
596 0.156381 100 100
597 0.156365 100 100
598 0.156349 100 100
599 0.156332 100 100
600 0.156315 100 100
601 0.156298 100 100
602 0.15628 100 100
603 0.156262 100 100
604 0.156243 100 100
605 0.156224 100 100
606 0.156204 100 100
607 0.156185 100 100
608 0.156165 100 100
609 0.156145 100 100
610 0.156125 100 100
611 0.156105 100 100
612 0.156084 100 100
613 0.156065 100 100
614 0.156045 100 100
615 0.156026 100 100
616 0.156008 100 100
617 0.155991 100 100
618 0.155977 100 100
619 0.155965 100 100
620 0.155958 100 100
621 0.155959 100 100
622 0.15597 100 100
623 0.155993 100 100
624 0.156029 100 100
625 0.156078 100 100
626 0.156137 100 100
627 0.156202 100 100
628 0.15627 100 100
629 0.156338 100 100
630 0.156405 100 100
631 0.156468 100 100
632 0.156526 100 100
633 0.15658 100 100
634 0.156628 100 100
635 0.156671 100 100
636 0.156709 100 100
637 0.156741 100 100
638 0.156769 100 100
639 0.156792 100 100
640 0.15681 100 100
641 0.156824 100 100
642 0.156835 100 100
643 0.156842 100 100
644 0.156847 100 100
645 0.156848 100 100
646 0.156848 100 100
647 0.156846 100 100
648 0.156842 100 100
649 0.156837 100 100
650 0.156832 100 100
651 0.156826 100 100
652 0.156819 100 100
653 0.156813 100 100
654 0.156807 100 100
655 0.156801 100 100
656 0.156796 100 100
657 0.156791 100 100
658 0.156787 100 100
659 0.156784 100 100
660 0.156781 100 100
661 0.15678 100 100
662 0.156779 100 100
663 0.156779 100 100
664 0.15678 100 100
665 0.156783 100 100
666 0.156786 100 100
667 0.15679 100 100
668 0.156795 100 100
669 0.156801 100 100
670 0.156809 100 100
1001 0.156817 100 100

Confusion Matrix[ExpectedClass][ObtainedClass]
0	0	
1890085856	421803	
